# 5 : 4 4 4 4 4 
# Tr_f(plaq)/2    Tr_a(plaq)/3     energy       W(1,2)        W(2,2)        W(2,3)        W(3,3)        W(2,4)        W(4,4)        Re(polyakov)   Im(polyakov) 
0.57394448796 0.192127764428 -0.0393390765953 0.410889287489 0.272578296265 0.206217262772 0.158504874632 0.266060798875 0.473266416721 0.477056288886 0 
0.558758195682 0.174330185919 -0.0187449521843 0.372187232495 0.214360547077 0.154104197361 0.110825417648 0.19263655823 0.402763712973 0.414565344517 0 
0.547354012121 0.160876287189 -0.00345727047113 0.353561999313 0.19546257415 0.13517127771 0.101628815162 0.152937630475 0.367092142061 0.39091024075 0 
0.541817168053 0.155079915589 0.0054363093807 0.338932281255 0.190184335764 0.127816849787 0.086705940854 0.140259904308 0.341829457097 0.34845800923 0 
0.541769546214 0.154203176656 0.00385903232025 0.338701044333 0.19058323074 0.116525306445 0.0849669735969 0.137666368208 0.329993321126 0.340894868329 0 
0.535108857304 0.147064435951 0.0142260998765 0.330948771756 0.178510227008 0.105706667363 0.0779996847426 0.113791700203 0.30835491399 0.350626357561 0 
0.534668357658 0.145780642523 0.0132883617138 0.333377508334 0.175529893031 0.108991309557 0.0712120331617 0.119555990497 0.334216157346 0.346807310397 0 
0.535565326021 0.14886822896 0.016144751642 0.328624453936 0.173387752439 0.107845683046 0.0687676406745 0.105449216309 0.3320206397 0.345624347534 0 
0.531268508923 0.143340740008 0.0209879970007 0.328260785472 0.160143875919 0.0962040539367 0.0749468230205 0.103306071548 0.322852635594 0.314575582589 0 
0.534470185013 0.146664367015 0.0157890494805 0.334588283954 0.180416595888 0.109914812701 0.0780750921635 0.128859911718 0.352544712755 0.348565650007 0 
0.532596301113 0.142901409212 0.0151965043055 0.342504976573 0.177610277755 0.113616640734 0.0802562405885 0.127024731888 0.331535919307 0.295387120653 0 
0.531118691656 0.141199192732 0.017259226338 0.325385176147 0.176569950927 0.112377608052 0.0677480150084 0.109570271187 0.289428423935 0.279393829919 0 
0.543218100965 0.158719433956 0.00753189434164 0.340586527154 0.176143174561 0.108026992407 0.0728973402361 0.105480926141 0.304578183984 0.288358079444 0 
0.540415765831 0.152913622472 0.00628891136978 0.339721313668 0.17519701554 0.10738179715 0.0694724263513 0.120395302338 0.337373807521 0.318742165248 0 
0.534014060435 0.145874433116 0.0158968426248 0.320034243708 0.162726515947 0.105759938514 0.0691715974547 0.110921619643 0.291059019986 0.257026896105 0 
0.536547490636 0.151309621528 0.0173935277021 0.33150811884 0.169310233 0.105994143179 0.0626290553164 0.104143306739 0.297322175851 0.262473259173 0 
0.533690042684 0.144928258079 0.0152033582269 0.330958678662 0.168346095493 0.106663587205 0.0710493249246 0.119120865498 0.301834025375 0.240210005357 0 
0.523469268079 0.133059685423 0.0292830789536 0.325742400386 0.156968296015 0.099949857956 0.0613060146398 0.0939779445616 0.268740935056 0.193305593337 0 
0.528021995851 0.142267249701 0.0308531147551 0.320860980612 0.153310037335 0.0859326602545 0.0697818978463 0.0873884434499 0.300009076666 0.204173424136 0 
0.535123762217 0.147387050552 0.0148161808992 0.3276828636 0.165867013884 0.102151811894 0.068274653055 0.108113092564 0.29385012812 0.205527623627 0 
0.530222720951 0.142292160283 0.0227602530487 0.321559802396 0.157010365998 0.0918644941118 0.0593464692409 0.0927476409173 0.267306593887 0.207603618309 0 
0.525716292388 0.13408236856 0.0230144552846 0.316232297694 0.151408670707 0.0908926971375 0.0599265483137 0.0764785230701 0.280608101043 0.223233520368 0 
0.530991277294 0.141873620272 0.0190795145584 0.322388115689 0.15617922075 0.0897508352527 0.0593159506053 0.0815041993228 0.293359156885 0.25702351297 0 
0.532658492992 0.142864746122 0.0148930681727 0.326581225945 0.160578675431 0.0943147785193 0.0656446534822 0.0977097191393 0.316682054148 0.265891935998 0 
0.531645750155 0.144464005858 0.0218387361425 0.321754529985 0.146991537068 0.0822075647247 0.0649008909879 0.073518413942 0.283130883215 0.266214116979 0 
0.540129635633 0.153590814105 0.00870197636836 0.327850737326 0.169772499979 0.102241838325 0.0737425191853 0.090413961275 0.288230710826 0.320223655432 0 
0.535017648072 0.147703830283 0.0158423626994 0.328472990776 0.169896458229 0.0926101453009 0.0564312877291 0.0820944360891 0.288683211896 0.270080990753 0 
0.529088750663 0.143310247774 0.0289921180965 0.330067191623 0.160052483654 0.0930786030548 0.0556904176006 0.0919909575793 0.25976830638 0.250668394578 0 
0.535948711094 0.147915768512 0.0128213059767 0.334684736028 0.17129800638 0.10364849506 0.0676994576565 0.110023978225 0.281062869237 0.259324220928 0 
0.536852204551 0.149771408394 0.0131896599487 0.329060693406 0.173563050633 0.0957060960017 0.0543459214655 0.0919246355399 0.277841983827 0.265624455914 0 
0.535847793406 0.148910339482 0.0151838433628 0.330473955723 0.177710753929 0.100241281439 0.0610452659175 0.0849203465379 0.282507591461 0.286734705927 0 
0.53661371577 0.148441568658 0.0114123889661 0.330731341745 0.168438672938 0.109377957605 0.0633808363204 0.109465307238 0.275216956723 0.210312642901 0 
0.539680506035 0.151544293584 0.00627071483753 0.333582997868 0.168280531064 0.0956102767666 0.0632481080043 0.0955238832885 0.274370396455 0.235329781336 0 
0.539461708969 0.150384882064 0.00476144094255 0.334544104433 0.17106742818 0.107754475169 0.0692527137048 0.0943207185964 0.315450122452 0.200162270128 0 
0.533956026601 0.14694613235 0.0182549662754 0.337018119428 0.168445661615 0.104550609309 0.0758185781997 0.102910221536 0.286748424793 0.224868156631 0 
0.535272823802 0.148424419322 0.0163393905773 0.332684126694 0.162157945299 0.0983714898251 0.0597433567949 0.0831471518596 0.287632903341 0.232147481728 0 
0.534160512903 0.149963725005 0.0235335522684 0.322834911911 0.166381499428 0.0986767400511 0.0577852201312 0.09561544295 0.287776502833 0.180386651507 0 
0.534801489267 0.147658776791 0.0165520432949 0.326224372521 0.156692350228 0.0941672589696 0.0538887498371 0.079924699341 0.291338780833 0.189182269256 0 
0.53330284137 0.146839322883 0.0204581326968 0.32606662412 0.158418307984 0.0910224861931 0.0623544869225 0.0797771254264 0.283625788296 0.213093430965 0 
0.532969563945 0.143322548676 0.0146577107546 0.331727931886 0.164696346412 0.100809904944 0.0633004632449 0.0975461369992 0.29748782133 0.248807883156 0 
0.531453295764 0.144773307511 0.0231694206942 0.33069326554 0.164369184007 0.105003307523 0.0610991715019 0.110737037754 0.299380409168 0.263135226532 0 
0.531592267938 0.141853762091 0.016816132811 0.330478083412 0.16721979581 0.0981694144473 0.0548290207867 0.0965413151935 0.299613644475 0.245570939396 0 
0.528647090102 0.139092122526 0.0221900116752 0.323747971053 0.166849518466 0.0997105187994 0.0579342413156 0.0819809249763 0.291644817797 0.22293254696 0 
0.537806973725 0.148936051597 0.00798630041006 0.329481547595 0.155924565329 0.0920125432621 0.0546539119725 0.0861305183475 0.279026628571 0.211553863084 0 
0.538302831482 0.15268020376 0.0136399310349 0.330269974326 0.157689577816 0.0948400639252 0.0607657930769 0.0938812603637 0.274006738669 0.258363820717 0 
0.535285383465 0.149403696652 0.0182514744824 0.326917546859 0.166323007888 0.0892455927104 0.0626648568838 0.0845848945579 0.260649364059 0.264502999895 0 
0.533149519582 0.14754405843 0.0224348944066 0.324437862909 0.156278404367 0.0900193276343 0.0545568742581 0.0830834687294 0.280698952779 0.271108605342 0 
0.527362577922 0.138602586411 0.0259636345123 0.321309399985 0.156391441402 0.09210464019 0.0626491236359 0.0799307528396 0.291073939886 0.265472179718 0 
0.536384052089 0.150009988232 0.0153989837359 0.331176671633 0.165561635766 0.0978399010024 0.0700964222038 0.0975070968152 0.316988770024 0.314257593 0 
0.533708410746 0.146609658035 0.0184981963078 0.334827214083 0.173701073935 0.107243349778 0.0721309723096 0.100847697421 0.287310595288 0.300050494938 0 
0.53552189535 0.147190751153 0.0129504895097 0.339489829299 0.167426106608 0.102159051768 0.0641330458762 0.0984651072251 0.295404209469 0.281395518681 0 
0.531213200646 0.140878432924 0.0162680234559 0.329046430027 0.162201660108 0.101178471474 0.0585889677048 0.0822390936114 0.297933065075 0.268790605426 0 
0.536460687623 0.147326788104 0.00974903200346 0.332579885104 0.17274805795 0.0942454257804 0.058756259691 0.096564433457 0.320894257917 0.279012459436 0 
0.538026825166 0.151312847892 0.011926442672 0.336583686938 0.17458775218 0.095227288604 0.0626985550025 0.10461176432 0.309778918597 0.250806738205 0 
0.535150981888 0.14919381059 0.0183289881931 0.335962818231 0.174504308969 0.111316891996 0.0712531110195 0.11180670353 0.309605733728 0.247162837126 0 
0.536996785387 0.148971758704 0.011055411478 0.334177799755 0.169515368957 0.106185766133 0.0621748060745 0.125584705316 0.322079874699 0.236921547149 0 
0.537596051715 0.149869584991 0.0106337786372 0.331352852761 0.163796467977 0.0984395037681 0.0649447645971 0.0903589808498 0.298177804764 0.262546778338 0 
0.538299812759 0.150309422061 0.00890953691234 0.336457189716 0.177473691505 0.111496916172 0.0718505008107 0.0982155905755 0.325190248745 0.317359630138 0 
0.539409070635 0.151748150296 0.0076827392437 0.335028905224 0.172843271768 0.104363231481 0.0642090650468 0.0846281556456 0.285699820508 0.272211578047 0 
0.533138461477 0.144245927851 0.0158795482383 0.331630353853 0.169453712306 0.0972470525124 0.0594979139212 0.0805681719819 0.285160357565 0.278973063768 0 
0.541072056148 0.154689013248 0.00741141874883 0.337922337813 0.16750432539 0.0970973630087 0.0601248449163 0.0866629271661 0.296657713337 0.280807030045 0 
0.534712513092 0.145201965144 0.0119676318468 0.333370062852 0.169309639299 0.0982004351721 0.0634047815311 0.0954307201669 0.287479364878 0.231820000179 0 
0.534207158456 0.145241911566 0.0139173368442 0.326213515026 0.158239454721 0.0897591992857 0.0525704092822 0.0825549352245 0.293184306294 0.270509167189 0 
0.531019297531 0.143439474939 0.0221075490147 0.327326268418 0.167729279992 0.102127911703 0.0570655478615 0.0908311862421 0.286424103446 0.224300272648 0 
0.529947987982 0.142458297953 0.0241090403748 0.329231723816 0.160349616357 0.0907575761102 0.0568344180652 0.0826059947975 0.272688207904 0.243346839953 0 
0.534212323817 0.146967638811 0.0173496795002 0.331000611751 0.163729856184 0.0937308985735 0.0583685666027 0.0841886114818 0.282848018316 0.239065643578 0 
0.526268438987 0.134991304112 0.0227893839723 0.326771552113 0.159963289812 0.0897184913845 0.0510917983832 0.0789924584904 0.264518295291 0.262964919754 0 
0.531239803335 0.142770866548 0.0199544607555 0.328824594944 0.159853777981 0.0920731694473 0.0614660771439 0.0847105413426 0.294033516233 0.30370648912 0 
0.535080667791 0.148749649462 0.0177008280984 0.327931475182 0.160364940316 0.0970447377688 0.0655278930261 0.0803888322497 0.283308674758 0.28641841506 0 
0.532174492362 0.146496111859 0.0239466019779 0.335147987957 0.169768558339 0.0990088267623 0.0594144607791 0.0865905050384 0.273587889666 0.250804450558 0 
0.53592321432 0.145855397432 0.00879490188097 0.325296861282 0.161196484915 0.089868413322 0.0625054639844 0.0776723954294 0.295273114652 0.303767942341 0 
0.536261343425 0.148561197517 0.0129554243608 0.332329279577 0.167047520705 0.095537690602 0.0575955195456 0.0930987187216 0.298604492139 0.286389403058 0 
0.537330283183 0.150714705421 0.0133073630654 0.329589098264 0.170777374382 0.0992766161274 0.0688908750236 0.0983060637236 0.296065560643 0.322003097434 0 
0.538229020019 0.153973760938 0.0165001478074 0.326935647391 0.164095489421 0.101670446105 0.0723099392818 0.0883839891624 0.294883694874 0.271387228609 0 
0.535717474648 0.149037554631 0.0159204530645 0.327746191122 0.174740377357 0.107374489847 0.0687948529023 0.0969752911345 0.284239243569 0.30191854545 0 
0.535960177388 0.150443575245 0.0178344941534 0.332496429434 0.169077711259 0.103965459085 0.0613763606516 0.0983223867039 0.27287050868 0.28205232521 0 
0.535285670187 0.149603465978 0.0186499522622 0.328452958334 0.170111349848 0.104297446622 0.0645101562078 0.104141861039 0.288905337671 0.305678444189 0 
0.533403905162 0.145142988267 0.0166915274349 0.332735855562 0.171228555252 0.105412544556 0.070825996042 0.113494214056 0.285550280295 0.312096136951 0 
0.531806890927 0.143258488557 0.0188314806834 0.321551379298 0.15581139854 0.0881418437578 0.0548042600841 0.08168802419 0.270986520369 0.299825398482 0 
0.534121679798 0.147791146665 0.0193320780796 0.332105895332 0.16618471264 0.0966411471856 0.0580234193325 0.0852074243988 0.299869656295 0.293556639443 0 
0.533023738322 0.147619010663 0.0230501895358 0.325056044406 0.16815110005 0.101123524962 0.0613140715356 0.101285651986 0.274163318652 0.27366646612 0 
0.534398112104 0.148321699722 0.0193703846593 0.33048277176 0.173870553158 0.10391867109 0.0725533337783 0.101286452627 0.316840748776 0.301679664273 0 
0.537322211937 0.15134692081 0.0146016574532 0.330122426008 0.163946606832 0.10374259561 0.0677742941618 0.0807901053352 0.301793497379 0.289735147656 0 
0.5275568511 0.140702778011 0.0294452069513 0.319637039648 0.156389953729 0.086094692885 0.0570775274074 0.0772860362223 0.276772685274 0.271352084747 0 
0.529544281837 0.13992319361 0.0205325444211 0.325523965034 0.153337343633 0.0878270743491 0.0524996696868 0.0756016398725 0.288809402739 0.281016900965 0 
0.531159717274 0.143906913984 0.0225228740544 0.325437706085 0.158798713714 0.0851410460387 0.0591498410701 0.0802148570459 0.29883507093 0.317630447098 0 
0.537518450983 0.150900039678 0.0129818107174 0.335989867989 0.1636461069 0.0930599008626 0.0572547714167 0.0764495534625 0.26538735968 0.27442684494 0 
0.529660923267 0.142271608343 0.0247978005989 0.327220966096 0.158487268612 0.0945795544269 0.0590434571557 0.101979931026 0.301847439601 0.257724831345 0 
0.537076457693 0.148646389441 0.0101098854181 0.335138751898 0.170941562701 0.100898348024 0.0624572702788 0.0801264204722 0.263542936593 0.302323161216 0 
0.534657950356 0.145369408479 0.0125044006417 0.33073448397 0.170076071544 0.0977355636866 0.0596020757426 0.0933353886038 0.27100675976 0.277008828081 0 
0.535157597299 0.147740844141 0.0153985782762 0.323242950347 0.163867634816 0.0963957235652 0.0529242830791 0.0884289874873 0.291243202766 0.292607270386 0 
0.53338424152 0.145266739467 0.0170117853109 0.334803259643 0.173664263803 0.106606762717 0.0693348623034 0.0977724155539 0.306121337025 0.282910306188 0 
0.53833739949 0.151812964557 0.0117775510028 0.331545417688 0.170286882403 0.105419054509 0.0661920055082 0.0915025002097 0.286238310008 0.316516262916 0 
0.534462242323 0.14603385831 0.0145574200252 0.33182700634 0.169943766651 0.0962850949876 0.0666449887109 0.0778513619967 0.290094796919 0.347510230073 0 
0.538442424242 0.149745865097 0.00725476049775 0.335068740749 0.170923544253 0.105629110515 0.0625846284824 0.0843105066183 0.302141850085 0.288437569895 0 
0.542513831621 0.157066219893 0.00683126278731 0.332684285793 0.167417950648 0.103855979169 0.0688213799135 0.0696277654658 0.292656693879 0.297995748763 0 
0.538923722694 0.153324263901 0.0126307538329 0.330828179485 0.167095444425 0.0978637967211 0.0603053210594 0.0735944812426 0.286311562642 0.312311447229 0 
0.535031470427 0.146232129707 0.0128478188326 0.324856369182 0.164615033093 0.100343650561 0.0630957423825 0.0876847309561 0.297608906305 0.332040087114 0 
0.53280663923 0.142170424292 0.0129562834342 0.323136744804 0.173518109132 0.101984351944 0.0634800036489 0.0861047348263 0.298822368644 0.330672422055 0 
0.535126387776 0.14690235923 0.0138370836893 0.336960501962 0.171433693089 0.106343005362 0.0640897848676 0.0808034491816 0.253087180819 0.315386344341 0 
0.540066134387 0.154012583808 0.00978047038469 0.329767775657 0.166654422625 0.103693360267 0.0651668506416 0.09740116463 0.299582783996 0.312140546254 0 
0.540615460281 0.15347354641 0.0066698897808 0.333709727061 0.173045936176 0.105637642695 0.0792878858241 0.105507583003 0.279189472524 0.321055252449 0 
0.533009931669 0.142962617474 0.0137884877736 0.324422336758 0.157153203478 0.0970199356317 0.0648417133329 0.0966196512141 0.284367713732 0.289500508567 0 
0.533657633537 0.145701675585 0.0168701070828 0.32926224685 0.169266186824 0.100993219993 0.0604873900185 0.106789401993 0.29678571334 0.216986122032 0 
0.529393906149 0.140480425957 0.0222033991622 0.323247242644 0.1638407926 0.107195368602 0.0662199063125 0.102226398127 0.293373730157 0.294493698146 0 
0.542947697575 0.158617759269 0.00832903751217 0.338231599509 0.170360410205 0.11682693315 0.0793999827339 0.114875220881 0.289316995306 0.308466569669 0 
0.53687380795 0.149460589811 0.0124880902061 0.331944552123 0.164786542977 0.104200254672 0.061818095957 0.0944342052447 0.267874435203 0.307965728184 0 
0.532238865579 0.144659263409 0.0200347241739 0.32107910341 0.152797787938 0.0875111956409 0.0584659363504 0.0670666026925 0.263317011273 0.264461912402 0 
0.526171219633 0.136804328279 0.0267751439166 0.312451621389 0.143696345263 0.0859941782985 0.0522548495431 0.073808880146 0.280747906723 0.260053881945 0 
0.532975015724 0.14638637698 0.020765195782 0.322590378555 0.143324634811 0.0737019780107 0.0442954328495 0.0641645367427 0.268280713521 0.26610629018 0 
0.533695352979 0.145357962494 0.0160431189674 0.328362360334 0.160589965837 0.0891047033364 0.0517858813011 0.0768399835067 0.274758194502 0.282919420962 0 
0.534263085032 0.148102599596 0.0194317845722 0.328689244335 0.159785434555 0.0914077233637 0.0614811772215 0.0626687210037 0.299534891432 0.325047229204 0 
0.533681818146 0.143437689319 0.0122526514974 0.326670963737 0.159092518565 0.0941778988849 0.0511713762344 0.0836671143399 0.278125962091 0.297440585758 0 
0.532253984713 0.145308337807 0.0212769321756 0.324977441022 0.161701233654 0.0952399935017 0.0531010097231 0.0772525275734 0.246608001826 0.276904658618 0 
0.527877470869 0.139353729683 0.0255608171506 0.323119031647 0.154124661816 0.0900040681934 0.0569571371345 0.0829966189057 0.295789945778 0.305910240762 0 
0.529822883767 0.143305001877 0.0262653338179 0.315559143957 0.156168016422 0.081758127279 0.0489902922484 0.06475121026 0.283355196085 0.290326307898 0 
0.529469913685 0.141336087766 0.0236334948956 0.324261357628 0.148388288695 0.0793467339438 0.0505846950424 0.0825984960539 0.289954128405 0.256142917366 0 
0.526964565803 0.138654402117 0.0275399107639 0.31866491732 0.146672934209 0.0719158737238 0.0563295861398 0.0542239246456 0.293335999053 0.264751215243 0 
0.528574529037 0.141084479566 0.0264432016941 0.322565709381 0.150972361141 0.0823478206461 0.0468593565741 0.056606476194 0.299398100544 0.245937413679 0 
0.526580579232 0.139754208984 0.0311602748097 0.317109024891 0.155899498952 0.0815786722992 0.0433660175226 0.0594690156915 0.280125938617 0.262824100011 0 
0.528559936046 0.139669311886 0.0236668604026 0.320705408035 0.160692640814 0.0984329485647 0.0498786315541 0.0734284927228 0.296939533032 0.279375632946 0 
0.53192156409 0.144474053901 0.0208383206717 0.316777223017 0.149370147221 0.0835185745014 0.0466620159667 0.0707933304377 0.268627395451 0.279853925221 0 
0.532843743505 0.145890520085 0.0202591892023 0.319654719179 0.144820437648 0.0815663323934 0.0438888937607 0.0664206100925 0.281915331997 0.239844450563 0 
0.530541655105 0.141504199109 0.0200042743303 0.318335836789 0.145606644395 0.0837595750504 0.0581735632959 0.0641695684125 0.287290452674 0.220649361919 0 
0.524833182034 0.135793576132 0.0297043787395 0.315138551472 0.148332975361 0.0827866982223 0.0543939398586 0.0709730435084 0.27433192171 0.209094663206 0 
0.532031874997 0.142118295478 0.0157186534667 0.312728898744 0.149375542853 0.0853151674705 0.0490686233561 0.078987363935 0.265383797266 0.253662431433 0 
0.535679630542 0.146404417643 0.0107942022797 0.326607783022 0.157282429696 0.0807138896598 0.0536685960186 0.0717872373009 0.292350593974 0.332006629495 0 
0.535409781238 0.146375192998 0.0117341954169 0.329758616057 0.169332429404 0.0998971272333 0.0466277248667 0.0913159685916 0.259987568919 0.304927749994 0 
0.534648544544 0.145584159583 0.012968704355 0.334092977168 0.165218840133 0.0969080344484 0.0648663081367 0.0817608233547 0.288832421735 0.333755227745 0 
0.533887650023 0.146136669056 0.0168890330273 0.331775769107 0.176372682894 0.109242015036 0.0716874507349 0.0963999934612 0.307514448337 0.314730857768 0 
0.535536406552 0.148387939933 0.0152911756236 0.329656341116 0.165781770136 0.0965108278442 0.0586231867991 0.0785983958405 0.286672785361 0.294877759687 0 
0.539295903975 0.152909363884 0.0104238830622 0.341155801317 0.162589217641 0.102300167448 0.0614645939815 0.0939099238228 0.320376245062 0.336282907613 0 
0.537764527082 0.14957593502 0.00942311983505 0.328514447752 0.155513712534 0.0869528238828 0.0609118983202 0.07112978217 0.289372948546 0.313451290131 0 
0.532657908515 0.145426959667 0.0200196578291 0.323930419933 0.154507669477 0.0872722876895 0.0575681219672 0.0789567958585 0.284627050211 0.308773794718 0 
0.53694038198 0.15101991393 0.0153604145325 0.332360161949 0.167777631683 0.0891562791828 0.061733542087 0.07391102337 0.298269442911 0.334709042299 0 
0.535412071851 0.147373587841 0.0137225098331 0.331148640434 0.163395747522 0.0921642447812 0.0614329558821 0.0976448995118 0.305053182277 0.322228796544 0 
0.524503840451 0.135632119728 0.0306000297892 0.322365860154 0.161103270552 0.0966601591815 0.0624087711465 0.0777375613159 0.297486994836 0.31170132676 0 
0.531836029529 0.145225866504 0.0226584237517 0.321015351208 0.15477797038 0.0805939009802 0.050905379335 0.0726185999829 0.275841966818 0.305772213092 0 
0.526994491592 0.139258093858 0.0286365688236 0.317089527188 0.147110285069 0.0785184957314 0.0517644808351 0.0715192561837 0.286458146073 0.317262226248 0 
0.530931949975 0.144550997688 0.0246537804672 0.324450697558 0.156992946742 0.0923085292132 0.0500417353226 0.0724893290464 0.264345402942 0.331086491141 0 
0.532995619237 0.14521523312 0.0183466750624 0.326048142494 0.155747816917 0.0933339186805 0.058073047704 0.0772596540107 0.309475946695 0.297968501498 0 
0.525550306724 0.135299079552 0.0260620242251 0.321832066049 0.166857519551 0.0959447867828 0.0591979403276 0.0971406369277 0.284509923643 0.274030265535 0 
0.537011838633 0.147675587146 0.008407371349 0.333779247046 0.170754007522 0.103482647039 0.0535775738198 0.0939071467605 0.27493539957 0.290272033479 0 
0.537442632031 0.150333157934 0.0121285773536 0.331018226128 0.157850895251 0.0900774927218 0.061154878436 0.0845715529671 0.280402169976 0.315064679734 0 
0.528051912174 0.138204493104 0.022616911163 0.323386968031 0.146664433605 0.0780342394249 0.0524069868359 0.0637039379638 0.266017542463 0.302053819241 0 
0.53436419092 0.145073740725 0.0129999750466 0.328231627812 0.161427631681 0.0984263059253 0.0693122041009 0.0899670665094 0.311142814247 0.299679366235 0 
0.536779886605 0.151815598038 0.0175456156372 0.32680056436 0.150039655544 0.0931023527989 0.0590177451216 0.0905422701969 0.280031644039 0.278353547378 0 
0.532084060373 0.145449256672 0.0221874899629 0.322758216085 0.154939258382 0.0982734354109 0.0601066915991 0.103840122325 0.284081584021 0.284423225112 0 
0.532487349035 0.144969289422 0.0197353874154 0.327451328797 0.169017733556 0.102113744945 0.0611347446731 0.108006964717 0.291555949441 0.241131579437 0 
0.538697478115 0.15456456158 0.0159484541344 0.323472063083 0.166270439056 0.104497684378 0.0682827086355 0.0898258919702 0.308487933822 0.31182966801 0 
0.535660174725 0.150625514123 0.019308381764 0.331932037081 0.161818616429 0.0966353015592 0.070193031581 0.0917902539402 0.305792512869 0.318021242384 0 
0.531405668693 0.144442396693 0.0226838192199 0.330113786506 0.171197042247 0.10602561954 0.0692713311547 0.100937222577 0.315679138167 0.291051053121 0 
0.538569535315 0.151409269762 0.0101112588575 0.338303833745 0.18052038255 0.108547888482 0.0613781242041 0.108979286292 0.295345701222 0.289807720516 0 
0.53662501277 0.148011364818 0.010510182389 0.338885723024 0.179027250205 0.11424505821 0.0854548280791 0.109710978184 0.292721790167 0.283219777221 0 
0.536680857502 0.148270456769 0.0108217407819 0.344241378015 0.181745626505 0.120376091602 0.0753317387835 0.128376468836 0.321005509103 0.296527960807 0 
0.538016991077 0.148960467983 0.00725806897861 0.335713466023 0.176234894073 0.117006731779 0.0720880901925 0.111339018606 0.30073822521 0.336488850609 0 
0.537351812852 0.149605192041 0.0110086765293 0.332152118086 0.16317151399 0.10029663454 0.0640117842431 0.101077391293 0.323172570326 0.328343906352 0 
0.530158641467 0.140380049961 0.0191731264957 0.323972845706 0.156885907801 0.0854068903515 0.0612780442919 0.067401751833 0.304892396447 0.296121789564 0 
0.536839563865 0.147785273263 0.00926416022339 0.323319645468 0.153263191851 0.0849768655608 0.0670034083982 0.0797181157032 0.26531226199 0.282616444399 0 
0.537183644602 0.152412956303 0.0172464275781 0.334044150287 0.156670461039 0.0925272771274 0.0675831995532 0.080550518107 0.299285168086 0.286250266331 0 
0.528777336969 0.14058212155 0.0246880963151 0.328082974177 0.16788309291 0.10443513967 0.0629994207153 0.103211474259 0.323781548431 0.304690495485 0 
0.530731572841 0.141106262211 0.0185057049103 0.327413706704 0.165978096838 0.0869213553346 0.057109439855 0.0826662472306 0.298620258688 0.312641902289 0 
0.536136981563 0.149208800117 0.014710768451 0.335714306055 0.164178809516 0.0875778606219 0.0671472891756 0.0674061699257 0.299812665486 0.294902227065 0 
0.537802334868 0.150038954071 0.0102092691315 0.328912091115 0.161942294184 0.0948481742877 0.0607851310456 0.0826614048054 0.291024402446 0.256982823541 0 
0.539231294007 0.152149069803 0.0091423517809 0.336482775719 0.169185757934 0.10530900252 0.0701794456696 0.0935130250273 0.296250765524 0.28324156178 0 
0.535077872092 0.146884439148 0.0139807515555 0.333104555491 0.165074681477 0.091170897579 0.0641107690112 0.0835204267781 0.274685248863 0.258812581306 0 
0.531943277061 0.143128092535 0.0180660599468 0.323593639126 0.162613595224 0.0978707360927 0.0649135709089 0.092263561983 0.290685203301 0.262743879868 0 
0.532423030827 0.145231338976 0.0204974638931 0.327020477409 0.163966995962 0.0951309574275 0.0727842945846 0.098528596375 0.293948489993 0.282966177053 0 
0.536854232489 0.147874356991 0.00938805377427 0.327317052148 0.169338748084 0.102576728737 0.0641499520635 0.0688546888146 0.271995445141 0.317193835384 0 
0.535216612324 0.148887274411 0.0174730832211 0.334888262166 0.164983203524 0.0944791636226 0.067726949263 0.0877079798993 0.294966646501 0.31979023577 0 
0.528534995226 0.141002563562 0.0264256447872 0.313189519147 0.15543225283 0.0847278933319 0.0555315244286 0.0623612686409 0.26615562103 0.316774464705 0 
0.530632353964 0.141038562472 0.0187374152781 0.318982897362 0.162678671626 0.0822909263796 0.0570855188177 0.0586231981187 0.282945998358 0.298049796846 0 
0.533746134695 0.145631341454 0.0164019845362 0.323654657891 0.163325556319 0.0883833039546 0.0575305854793 0.0712925762422 0.281787050097 0.279281182171 0 
0.53519770555 0.148189704096 0.0161478976562 0.330997432083 0.167541748673 0.0900467864734 0.0570469489563 0.0855138297581 0.296188087552 0.253450527759 0 
0.531271296725 0.140577843668 0.0154518894545 0.321359752424 0.167843177015 0.0918585886587 0.0457903325696 0.0716323851486 0.266180934805 0.304293652853 0 
0.531593164015 0.144581884463 0.0222690620716 0.316833856172 0.15823478756 0.081556413782 0.0509586581139 0.068894373819 0.267554724961 0.251451120133 0 
0.527469892776 0.136964397998 0.0222901927243 0.321133567359 0.156040176138 0.0805024396075 0.0581649361613 0.0789974549182 0.268231463747 0.255288818453 0 
0.53654592935 0.150161698294 0.0151034579936 0.329528128116 0.162375454544 0.0961036108164 0.0664355604661 0.0899699140361 0.301516740402 0.259789684042 0 
0.533882775105 0.1444798507 0.0135934335107 0.324537779519 0.168017037791 0.104349563795 0.0651586089335 0.0844575925057 0.285132558729 0.256469691027 0 
0.535931070162 0.147055690272 0.0111664209445 0.333591908718 0.174361780814 0.100732880368 0.0655587293712 0.101454841123 0.305169549039 0.24350564481 0 
0.537868625883 0.148976931837 0.00783994790748 0.329297788373 0.166137102513 0.0885322099199 0.0562638778547 0.0569789908769 0.271164069688 0.232599043742 0 
0.535222097175 0.149311302329 0.0183008451124 0.329698242092 0.154472860874 0.0886050404169 0.0621409465305 0.0689598268254 0.257506047934 0.249902853508 0 
0.533747343267 0.144565876791 0.0142665834955 0.329218271421 0.163305667426 0.0966125546711 0.0583855906315 0.0886455619313 0.290319330448 0.238627411382 0 
0.536869161364 0.148208032602 0.0100001681576 0.331112013924 0.160403137046 0.0875174160669 0.0583603036353 0.0818939589809 0.277813846785 0.291051002521 0 
0.532527446058 0.144557524055 0.0187634976936 0.319222596705 0.157575176526 0.0931714344058 0.0571559459461 0.0785283110801 0.270359453719 0.320432786586 0 
0.530432399452 0.144217251489 0.0258346250076 0.320969116209 0.160934766634 0.0899427459736 0.0689193499786 0.0758682851845 0.294389371251 0.342542967744 0 
0.533825597064 0.145671994347 0.0161892795563 0.326779187704 0.159798017418 0.0857528746001 0.0538134466438 0.0729435984283 0.292900422406 0.296237568754 0 
0.529686445466 0.140119224918 0.0203986016114 0.321045154775 0.159470267404 0.0910269599686 0.0559834986748 0.0938358706071 0.283681035721 0.288658889604 0 
0.539412781448 0.152485458866 0.00914362637553 0.329486233424 0.157899489167 0.0873328921884 0.060184262193 0.0838183263987 0.318213509383 0.325869328589 0 
0.531064434426 0.141010033283 0.0170816591874 0.315840590467 0.152635581708 0.0804906418591 0.0502969973255 0.063793649395 0.285608857267 0.343836952556 0 
0.535257166537 0.147329140344 0.0142067645007 0.323664443862 0.164910335197 0.0943184299424 0.0506000104485 0.0832420105594 0.296004463905 0.304268420661 0 
0.530388596736 0.139889146069 0.0173404842155 0.320954254219 0.147160466312 0.0885830201622 0.0590776308553 0.0780894569692 0.270075246783 0.243687127327 0 
0.534221762771 0.146279041627 0.0159375610008 0.328917445972 0.154666682315 0.0817532422602 0.0512782005252 0.0685625058649 0.275040149157 0.280632441754 0 
0.536993483869 0.148176273321 0.00947665632918 0.327600881082 0.164835006139 0.0789582252132 0.0591013167686 0.0531579070404 0.296476967708 0.334954879792 0 
0.538344580859 0.153152263389 0.0144295775989 0.327985317179 0.166841413622 0.103927257143 0.0684455951506 0.0667999063321 0.28680308919 0.352515955162 0 
0.535378184077 0.148213906237 0.0155285313879 0.331132272046 0.172919351241 0.0982393074802 0.0598818574782 0.0733834401756 0.260148754606 0.321112491603 0 
0.536250291372 0.150898616857 0.0176711556369 0.329736063436 0.161226590774 0.0917300136154 0.0630965041056 0.0645225602762 0.287237851543 0.307298207303 0 
0.531341454551 0.14547371428 0.0249840467222 0.323879817517 0.159557902079 0.091386931083 0.0620080446669 0.0663059333593 0.278558511548 0.271007218159 0 
0.529782191214 0.141576512285 0.022958917078 0.318188078659 0.157225199876 0.0962155277929 0.0463699755514 0.085150219492 0.30177704898 0.252369464827 0 
0.537193385631 0.151298894256 0.0149822616779 0.327680443541 0.158215706368 0.0946805196219 0.0529663953816 0.0941806190405 0.292788913088 0.256320411753 0 
