3.50000000 1.03824748 0.00010147 1.00870954 0.00288198
3.70000000 0.97937007 0.00012687 0.93479655 0.00215371
3.90000000 0.92042406 0.00014040 0.84338900 0.00184187
4.10000000 0.85904018 0.00022004 0.73126346 0.00182023
4.15000000 0.84179974 0.00023793 0.68870285 0.00204069
4.20000000 0.82274831 0.00052359 0.62138303 0.00461732
4.21500000 0.81057981 0.00117629 0.54527723 0.01001940
4.22000000 0.80723066 0.00142300 0.52552248 0.01139813
4.22300000 0.80507586 0.00128449 0.51436802 0.01170452
4.22400000 0.80494346 0.00140339 0.51557385 0.01131009
4.22500000 0.80154572 0.00145956 0.48932073 0.01172305
4.22600000 0.80421912 0.00150146 0.51471711 0.01157728
4.23000000 0.79744965 0.00129169 0.46790087 0.00950346
4.23500000 0.79334708 0.00124171 0.44590990 0.00886207
4.25000000 0.78299116 0.00046308 0.39939384 0.00300392
4.30000000 0.76434287 0.00019063 0.34792159 0.00129968
4.50000000 0.71068127 0.00008548 0.26750777 0.00061999
4.70000000 0.66595329 0.00006268 0.22751160 0.00047609
