3.50000000 0.03345942 0.00031552
3.70000000 0.03444499 0.00034203
3.90000000 0.03483988 0.00038132
4.10000000 0.03887941 0.00056078
4.15000000 0.03893646 0.00058281
4.20000000 0.04997331 0.00210985
4.21500000 0.07430502 0.00334674
4.22000000 0.07758426 0.00291150
4.22300000 0.08296201 0.00336636
4.22400000 0.08127016 0.00281990
4.22500000 0.08081597 0.00273732
4.22600000 0.08002130 0.00255016
4.23000000 0.07669772 0.00352987
4.23500000 0.07537071 0.00464284
4.25000000 0.04700743 0.00212324
4.30000000 0.03480642 0.00053216
4.50000000 0.03002212 0.00035110
4.70000000 0.02780481 0.00029493
