2.50000000 1.12234432 0.00011572 1.11058040 0.00355109
2.70000000 1.04297947 0.00012320 1.01829710 0.00276690
2.90000000 0.96541717 0.00012359 0.91515272 0.00192775
3.00000000 0.92709616 0.00013750 0.86527580 0.00175487
3.10000000 0.88642975 0.00019520 0.79388288 0.00171145
3.20000000 0.84331974 0.00025247 0.71077444 0.00175141
3.25000000 0.81744952 0.00066775 0.63574377 0.00500019
3.27500000 0.78366015 0.00192356 0.46251393 0.01028594
3.30000000 0.75797484 0.00050921 0.36739281 0.00262213
3.32500000 0.74532057 0.00017259 0.33710925 0.00087486
3.35000000 0.73517462 0.00021074 0.32031950 0.00104482
3.40000000 0.71604151 0.00013330 0.29142075 0.00071561
3.50000000 0.68318917 0.00009926 0.25350068 0.00054048
3.70000000 0.62733000 0.00007560 0.20785465 0.00038436
3.90000000 0.57923496 0.00006040 0.17663474 0.00031433
