# 5 : 4 4 4 4 4 
# Tr_f(plaq)/2    Tr_a(plaq)/3     energy       W(1,2)        W(2,2)        W(2,3)        W(3,3)        W(2,4)        W(4,4)        Re(polyakov)   Im(polyakov) 
0.506202504336 0.0977807926373 -0.608018265517 0.339680096122 0.224009655696 0.146776946236 0.113197322795 0.184037595659 0.414468734336 0.482579589915 0 
0.481076894531 0.0685440978488 -0.588944508209 0.292193607525 0.158063297284 0.1031248992 0.0729745262223 0.117515678123 0.319099602569 0.384049983193 0 
0.485222364765 0.0735127468586 -0.591656809675 0.294985037182 0.149218558788 0.0863709969889 0.0691812909031 0.110362829625 0.318639428785 0.357987103219 0 
0.480244668479 0.070001250322 -0.581036090069 0.28278379956 0.136385367057 0.0822182146054 0.0524680350084 0.0934338668201 0.310094156736 0.350095473788 0 
0.473864349787 0.06134486083 -0.579888904104 0.270990425752 0.124357525119 0.0727791766746 0.0467130423786 0.0870172851731 0.31494111341 0.298004212312 0 
0.469463224997 0.0575012485906 -0.572714960464 0.264195444027 0.114665118464 0.0553723715782 0.0331467055506 0.0616013106469 0.276182735571 0.288399088677 0 
0.46979540061 0.0593643480303 -0.568537408503 0.259602859672 0.115233783471 0.0605946963645 0.032863227776 0.0817712891891 0.288700642875 0.24640848473 0 
0.470428331166 0.0590913490125 -0.57204636042 0.264200179288 0.111331179771 0.0639773945322 0.0400654412826 0.0838598420867 0.275947953982 0.258997676681 0 
0.468589339395 0.0583038477636 -0.566593149137 0.252443161528 0.103972438839 0.0597400938852 0.0309171778676 0.056936284238 0.298048781292 0.257876920748 0 
0.466614586032 0.0557559858486 -0.565844033089 0.245887699467 0.09964085517 0.0523371589115 0.0271394107121 0.058145041762 0.282334271422 0.202276965369 0 
0.460300064448 0.0465996522465 -0.566476317164 0.250216599721 0.10196566492 0.0494640493881 0.0339614476569 0.062538621588 0.267169227203 0.208177882133 0 
0.469407298744 0.0574484904853 -0.572635548205 0.262089648568 0.107504582408 0.0594491581295 0.032864167221 0.0808599658243 0.275163167413 0.1978641243 0 
0.464298511636 0.0540003029981 -0.561267765461 0.244411724544 0.0926609670859 0.0555996954185 0.0244774531763 0.0502969265699 0.274339668224 0.25706499671 0 
0.462614208457 0.0511597002483 -0.562631285197 0.246743397719 0.0942253773177 0.0593229967094 0.0356708679022 0.0469497965994 0.280774522547 0.235979903701 0 
0.462200196921 0.0512860722481 -0.560492620168 0.252728266257 0.101135855122 0.0488714683104 0.028865494287 0.0466790045164 0.266970473641 0.194380656742 0 
0.467319226765 0.0546123421026 -0.572269687445 0.254392536551 0.100914258551 0.0512566753356 0.0337015046208 0.057042516735 0.274989812462 0.164973154914 0 
0.463915716983 0.0493253240093 -0.57366582515 0.248789949625 0.100683520297 0.060312199984 0.0295140443055 0.0575676742977 0.240342185609 0.208528499988 0 
0.464457494851 0.0532638125793 -0.564152915377 0.24890188011 0.103635015894 0.0526189912274 0.0249217211578 0.0462764535411 0.254502234009 0.18623564708 0 
0.461695394488 0.0480592451768 -0.568027691043 0.258090283173 0.105933734752 0.0503246611186 0.0213189270567 0.0521531354596 0.272505347123 0.133464930828 0 
0.465972085939 0.0511599009786 -0.576901662305 0.25596132652 0.101581484549 0.0481908585668 0.0266526209757 0.0378019050575 0.272687315804 0.157551390785 0 
0.467210720766 0.0553340321957 -0.569643466667 0.252555432965 0.0954862526979 0.0399751049072 0.0219980884656 0.0242327385024 0.267354862615 0.206296069477 0 
0.46257424171 0.0508996648943 -0.563241532584 0.250588958745 0.085602063546 0.0431388564172 0.0215407786861 0.0359150317682 0.253440043887 0.183580182598 0 
0.460160979733 0.0491280223773 -0.558300096734 0.235377537778 0.0877154812879 0.041708841113 0.016899561189 0.0399009592632 0.26447438983 0.12985278824 0 
0.452420910226 0.0392189349862 -0.555132063501 0.23938385191 0.0921345414172 0.039237403333 0.0249016583961 0.039857428332 0.242744402262 0.124898055446 0 
0.455166700013 0.0419464437541 -0.558619143793 0.235594920699 0.0808184790746 0.0421231556466 0.0140770533656 0.0345905481463 0.261572981367 0.157314887694 0 
0.45818099331 0.0473381850111 -0.555254666533 0.229535303379 0.0782746391826 0.0329045568423 0.0177022324504 0.0349274188752 0.248981049139 0.135224745293 0 
0.458648958402 0.0476364472447 -0.556348731473 0.248376081006 0.0845229599826 0.0297619313915 0.0209440239558 0.0181700899961 0.259825991723 0.165622657508 0 
0.466173474068 0.0562692224685 -0.562429597385 0.257903271717 0.102216848236 0.048550579154 0.0208118491174 0.0482528418434 0.263011677402 0.205837095146 0 
0.46062852002 0.049905923692 -0.557953439008 0.242350238575 0.0899070076874 0.0402487189705 0.0175438417718 0.0280332641248 0.257596383207 0.190537332338 0 
0.456834977407 0.0436292090716 -0.560661026765 0.246331198278 0.0931732063438 0.0421848152779 0.0170450329335 0.0311950720247 0.24651174458 0.178172109359 0 
0.459446297467 0.0483405089336 -0.557625237432 0.24305488135 0.0932369422732 0.045686538128 0.0188661218242 0.0364470128458 0.263137703573 0.186569013194 0 
0.460340372756 0.0481783686121 -0.561911478378 0.24615770299 0.0899083147801 0.040317098529 0.0224811663961 0.0376761290758 0.255465169156 0.162386323985 0 
0.457276036306 0.0431700243362 -0.563913081291 0.2426088628 0.0839189744749 0.0451072249151 0.0190361786973 0.0373936704419 0.260236673535 0.139426786278 0 
0.458749864447 0.0481948645338 -0.555102330299 0.235720074192 0.0893264444391 0.0440400352102 0.0199174429021 0.042981425145 0.250247960323 0.120504854652 0 
0.460612172671 0.0497909717772 -0.55822881852 0.241994075523 0.08067482141 0.0357845077251 0.0291692224095 0.0463451715796 0.280293731399 0.125764590439 0 
0.455630926136 0.0406354346745 -0.564525132054 0.239903407491 0.0953064658698 0.0382014441912 0.0114751287869 0.0427338108522 0.292981057552 0.116302441272 0 
0.457180612662 0.0445279092658 -0.559433876017 0.235335472074 0.0887258623648 0.0420039444819 0.0227258479607 0.0249158576003 0.277024143445 0.14080435317 0 
0.456429076248 0.0429395361515 -0.561004965601 0.239004862662 0.0924524420558 0.0355429061054 0.0164998188019 0.0184896161023 0.29421591865 0.161239071667 0 
0.455148997538 0.0433779860194 -0.554249281476 0.234061831939 0.0828563356364 0.0388344989344 0.0229657086914 0.0271261155568 0.280694316483 0.195110524786 0 
0.463880602593 0.0517525446435 -0.566234927091 0.245508108358 0.098583096717 0.044394742092 0.0178618406782 0.0463843947359 0.258763450926 0.157273183165 0 
0.463743516154 0.0540850535015 -0.558654783151 0.243082184824 0.0917323102846 0.0459178042632 0.0266880240454 0.0488030640846 0.269898270079 0.216195523662 0 
0.456826468157 0.0424685203369 -0.564106928657 0.235969443394 0.0883472361225 0.0412799288925 0.0193352283054 0.0252907806903 0.245863514803 0.221042103854 0 
0.458775265737 0.0446981605088 -0.565700397857 0.240955273381 0.086737534494 0.0462140439781 0.0264814926109 0.0309231634497 0.24586246108 0.130684354528 0 
0.458804924275 0.0457267257146 -0.562740751026 0.242697544766 0.0914694526241 0.0403652606883 0.0200986889643 0.0198732112888 0.258576739105 0.152998630669 0 
0.460424252631 0.0490361768368 -0.55969454317 0.238429319933 0.0883989187533 0.0437521691481 0.0122830139713 0.0383072924568 0.268473866913 0.160174325688 0 
0.464613563194 0.0519682426759 -0.568702915548 0.240531258083 0.0874681084962 0.0484326105311 0.0256736368788 0.0461760097408 0.272217778067 0.192718089692 0 
0.460687121534 0.0492803814531 -0.560079122161 0.236029298278 0.0934693095222 0.0390276517494 0.027919221691 0.0401233296051 0.289378597273 0.169188757637 0 
0.453474917293 0.041075704483 -0.554041285046 0.231652209316 0.0851660967277 0.0381603258346 0.0216003285531 0.021991844109 0.271707988365 0.151157681435 0 
0.459171909894 0.0474398908422 -0.559160944522 0.242355865666 0.0923658024072 0.0359398785982 0.0155980967725 0.0432365611773 0.280080459457 0.124045678014 0 
0.464451584786 0.0506478762259 -0.571975606662 0.246981914904 0.0871408140841 0.0307365367071 0.0250196057876 0.0270764637411 0.236435560686 0.140954419306 0 
0.466182771044 0.0529102342622 -0.572546074148 0.246556217727 0.0855938098695 0.033307879932 0.025757874567 0.0367619168303 0.248119922078 0.148773308454 0 
0.45652749356 0.0464856175649 -0.550784994935 0.237858537625 0.0771456186647 0.0354101140223 0.022975009586 0.0207212078306 0.249679951672 0.130009676921 0 
0.461201491398 0.047158684287 -0.56863028558 0.23896424911 0.0827693275042 0.0375592176764 0.0193316518562 0.0300818925285 0.262858109998 0.146845380624 0 
0.458839223129 0.0468875630571 -0.559404009127 0.237142867529 0.0776808832112 0.0315375112141 0.0146759995953 0.0263907198977 0.244479776368 0.139803502801 0 
0.458260144574 0.0483976367363 -0.552412704231 0.240329533968 0.0894215371195 0.0405144619194 0.0294548145846 0.0325221769178 0.249608085382 0.158606439388 0 
0.457150711183 0.0429043466407 -0.564177482607 0.229967609753 0.0811254152173 0.0411284586768 0.0231557833375 0.022960949246 0.269868021436 0.173971671613 0 
0.460652815844 0.0495198603836 -0.559214886184 0.237722846963 0.0784634251042 0.0382577737849 0.0102078228671 0.029054403931 0.245307779688 0.163500585225 0 
0.456902573399 0.0425702781596 -0.564125102466 0.231804187454 0.0812648577182 0.0372576411174 0.0223390087518 0.0328433153666 0.255526625364 0.181723106222 0 
0.454608783268 0.0424378718358 -0.55477371338 0.230034830721 0.0849850035567 0.0397992938975 0.0229156019194 0.029560021429 0.238543972242 0.176869171679 0 
0.459941439297 0.050232746616 -0.554052877165 0.241637964315 0.0900582765386 0.0436638404823 0.0212321944775 0.0391819252866 0.281848723147 0.199805434139 0 
0.457352177715 0.0441414192654 -0.561322497494 0.231648125004 0.0827875877477 0.0374486097558 0.0117501576323 0.0241791141045 0.2595020125 0.203661958833 0 
0.457338514443 0.0461973353165 -0.555096680431 0.231578899451 0.0738974511447 0.0233252882916 0.0202249615404 0.0142139881264 0.289623226163 0.222749810966 0 
0.458712268635 0.0473467694895 -0.557486833229 0.237143900101 0.0732815133002 0.0263614122134 0.0119866793613 0.0193079869259 0.249381023677 0.181595137284 0 
0.463364719481 0.0506943260164 -0.567217079743 0.243825442927 0.0783541252552 0.0279074725147 0.00959892057452 0.0239732346036 0.231253182865 0.125348500219 0 
0.458163748177 0.0465582027921 -0.557521321375 0.234909194087 0.0788815676097 0.0249320964052 0.0188482490251 0.0170034954145 0.243434925143 0.152058730396 0 
0.464294127923 0.0548814603708 -0.55860566256 0.238987448162 0.0807774313685 0.025902393987 0.0151345876061 0.00994597826324 0.238197489213 0.171990245941 0 
0.456703606125 0.0443961755944 -0.557801799247 0.226355374882 0.0839417127299 0.0298415029822 0.0116542298645 0.0197836953356 0.25737283468 0.169748835011 0 
0.459686071111 0.0477534854187 -0.560405345965 0.236163492283 0.085804502308 0.0445362318895 0.0222578851367 0.0213899602137 0.244190292627 0.156505852734 0 
0.461217085923 0.0506249147657 -0.558297870875 0.241310429535 0.0837994701807 0.0345243926994 0.0171695534382 0.0325747160842 0.261367165051 0.201624253677 0 
0.456171883978 0.0427839740961 -0.560378584618 0.232120486317 0.084230729336 0.0372512354468 0.0219472509403 0.0111249972983 0.249416654974 0.184012106019 0 
0.454531276373 0.0430632832421 -0.552568074859 0.227388424917 0.0762846606793 0.0290235564382 0.00311337264172 0.0184781901555 0.246815426302 0.138809713256 0 
0.453564881667 0.0427650381287 -0.549355632699 0.226545297133 0.0709305003784 0.0319846815401 0.0163488637721 0.0103858519331 0.240156434441 0.129269123659 0 
0.458017067061 0.0454778419968 -0.560139009017 0.229660438134 0.0805650953895 0.0300992578972 0.00430828818572 0.00399356623115 0.268803134275 0.149855431065 0 
0.462372015912 0.0528308475624 -0.556588524939 0.24344483273 0.0817390072897 0.0347086351038 0.0127689189898 0.0182196562538 0.240431897387 0.14033466144 0 
0.456159586893 0.042385542552 -0.56152161664 0.234458343839 0.0810018910126 0.0277045767869 0.00639566178281 0.0151110005862 0.253545814957 0.109920990389 0 
0.453040670469 0.0383305837958 -0.560431098107 0.226282200229 0.0736816126433 0.0241542728849 0.0186539765327 0.0045886794569 0.251785365327 0.136834387529 0 
0.45380957699 0.0421749156445 -0.552165955274 0.229127217305 0.0792592798803 0.0253687859945 0.0106300300236 0.0180638737583 0.28304898811 0.151944075404 0 
0.455093973564 0.0454840140664 -0.547697345449 0.229233357368 0.082714246455 0.0293864840971 0.0165787356602 0.0233367295841 0.270980838873 0.136240959433 0 
0.463767208113 0.051782435717 -0.565663327331 0.23027869929 0.0819060237057 0.0380106539299 0.0104003881468 0.0246285760104 0.269656674691 0.141489826254 0 
0.45685568363 0.0444988215791 -0.558140190692 0.236679135406 0.0775479519511 0.0417965446238 0.0186613445875 0.0331098315312 0.244618085686 0.181326640741 0 
0.465322114853 0.0543819896219 -0.564473019259 0.245996144872 0.0860748061207 0.0456976216186 0.0304541599577 0.0213341140559 0.251161959958 0.184086294564 0 
0.459513290369 0.0455563931039 -0.566262304757 0.237716549677 0.0722598210865 0.0403565907032 0.0213894623248 0.0259749605147 0.258817439837 0.198664198739 0 
0.458265639219 0.0462869292783 -0.558768178847 0.239693382619 0.0872436222701 0.0428224020514 0.0209547615305 0.0342871405329 0.251510949013 0.178116368932 0 
0.457144926989 0.0438573643246 -0.56129384673 0.236309268057 0.0858178338964 0.0268521864953 0.010754977449 0.0366531719808 0.25548153429 0.212894235074 0 
0.457045461542 0.0454685059415 -0.556037693729 0.236512004587 0.0833822650046 0.0303446904147 0.0176477857483 0.0234220839282 0.276630517646 0.231751753168 0 
0.458697744126 0.0500052063899 -0.549449793364 0.228052657516 0.0773125268989 0.0279093136067 0.0218041291865 0.0307256023952 0.2577599979 0.201198587322 0 
0.450698256278 0.0375404100955 -0.552846358896 0.229675179113 0.0760430822829 0.0405613235921 0.0143055012716 0.0495908666306 0.267079072276 0.222281726726 0 
0.458169956095 0.0464646306707 -0.557828421391 0.234187823922 0.0872286689087 0.0366206082095 0.0133291158355 0.0276807315534 0.263974065683 0.186151436094 0 
0.454225150869 0.0389437005552 -0.563625789529 0.22913911525 0.0717717034208 0.0272082855536 0.0150349816072 0.0106005480448 0.271693298391 0.218743307369 0 
0.4556451019 0.0421931045029 -0.559912369568 0.231985117807 0.081273340768 0.0308870545234 0.0154950479369 0.0187869230487 0.253584931612 0.177928594822 0 
0.458377346267 0.0469673252897 -0.557201745766 0.22405243108 0.0769025145337 0.0338956026093 0.0189419668007 0.025230043941 0.261825917167 0.132499050459 0 
0.460250122409 0.049642446624 -0.557135680368 0.229632347375 0.0873416146364 0.0356130478715 0.0100483645391 0.020075516512 0.275738509978 0.176462219012 0 
0.454487809159 0.0437582810361 -0.550298345818 0.231839882382 0.0886043130698 0.0373190622127 0.0204631786663 0.0213695123515 0.26855924416 0.20934572692 0 
0.450935232646 0.0403987229623 -0.545278569858 0.232029084731 0.0793675501083 0.0430506969467 0.0126498418498 0.0378342920648 0.269668552118 0.135393882671 0 
0.454625552638 0.0417770676994 -0.556827395611 0.237654558839 0.0918124715736 0.0388854327386 0.016755498207 0.0423238315146 0.275863022782 0.158206199231 0 
0.459891527512 0.0469664554111 -0.563639625694 0.234973751962 0.0830508912218 0.0351451916131 0.0146343109365 0.0312909493521 0.263095400368 0.114478361271 0 
0.458856277066 0.0443520352956 -0.567083071645 0.233859481747 0.0848046181938 0.0379086037335 0.0233100715532 0.0275599447565 0.28349021224 0.154792269528 0 
0.458987664724 0.0450974631639 -0.565405185584 0.239317964533 0.0866381297273 0.0415349617326 0.0205848192124 0.0410739318225 0.275407541471 0.131022018609 0 
0.459784409588 0.0499143940675 -0.554340558548 0.238326952689 0.0919383204162 0.0503259506841 0.0220122338042 0.048658624238 0.265965674971 0.191511026671 0 
0.459311870429 0.0467187074434 -0.561919326994 0.238344084425 0.0993601167156 0.0458241139291 0.024299137465 0.0495679537249 0.273486404807 0.163398719307 0 
0.451999912197 0.0418931303751 -0.545320235711 0.223931733975 0.0845970805425 0.0398136196832 0.0184658830723 0.0385559893311 0.260420955523 0.144229645099 0 
0.457030436383 0.0489823426166 -0.545432326779 0.240265114861 0.0886001837159 0.0419563247748 0.0300171836858 0.0417950211891 0.259979793014 0.163674865147 0 
0.45586593203 0.0427948954509 -0.559045524775 0.240070772179 0.0874286301866 0.0414868896669 0.0197162595541 0.040911401404 0.238368485948 0.0972422150795 0 
0.452633601049 0.0412900883066 -0.549822539539 0.234629352117 0.0792548276713 0.0439478641926 0.0259386317241 0.0439505109004 0.242188233959 0.107752030879 0 
0.453901506375 0.0381424234411 -0.56465413177 0.239183416927 0.082698736896 0.0391710595046 0.0269008025994 0.0330761629291 0.224387726337 0.0832103922319 0 
0.459375039103 0.0472163148875 -0.560694971527 0.236737808546 0.0825921457598 0.0326380448443 0.0132851557561 0.0219160301789 0.251620883057 0.0620852902456 0 
0.460844788895 0.0472608733061 -0.566807732886 0.246816397285 0.092571593014 0.0374434544156 0.023302513937 0.0454479016887 0.250721893056 0.0337960315126 0 
0.463711404762 0.0518922784603 -0.565096634857 0.241974367953 0.0943255091426 0.0399372781952 0.012137795552 0.0439559863016 0.271836928767 0.0610719486007 0 
0.459532761864 0.0478922901728 -0.559337367405 0.236499129674 0.0925287564685 0.0371476038103 0.0199618547581 0.0444306155413 0.280305152793 0.125511926972 0 
0.465524636234 0.0557904516197 -0.561108349137 0.247756430309 0.0910684246329 0.0425287482588 0.00705079605621 0.0436954036525 0.250322242164 0.0150087704321 0 
0.461953838367 0.048444520711 -0.567970250928 0.240871900327 0.0853765854438 0.0434947709361 0.0149669649435 0.0315802600745 0.260110513142 0.0786286752068 0 
0.46347023987 0.0518420406964 -0.56422239736 0.243100281929 0.0982085281579 0.0495095514818 0.0136458231181 0.0349656372389 0.267972878156 0.085132532295 0 
0.461417654763 0.0486897381978 -0.564955818148 0.240525674169 0.0859003646685 0.046769900349 0.0184253656479 0.0399055114774 0.284385989523 0.153946078302 0 
0.467498280044 0.0554566580281 -0.570497716101 0.247443099437 0.0916723799721 0.0461316957142 0.0173234053967 0.0472154319747 0.258424903087 0.103886737891 0 
0.465385109815 0.0517145023989 -0.572743209518 0.250381224269 0.0978298913571 0.0492118201674 0.022441411403 0.0505513217445 0.247084394544 0.144979722683 0 
0.463191346597 0.0504898400287 -0.567093702952 0.245208120203 0.0932286263946 0.0468442988462 0.0254778403344 0.0384918514732 0.260511784446 0.0940054063398 0 
0.462868294481 0.0520365473586 -0.56108060947 0.243781995742 0.0874503924146 0.0393913384177 0.0203812173952 0.0471281638144 0.265213167153 0.0826820640719 0 
0.458211591368 0.0486265008821 -0.551519760668 0.244604927562 0.0852371537203 0.0451148292438 0.0122093787374 0.0492956501991 0.256826093195 0.0877037545737 0 
0.464643897961 0.0554774516712 -0.558304211321 0.239659460556 0.0816749659155 0.042292661195 0.024997858191 0.03043313599 0.255275547203 0.116319238245 0 
0.460737960761 0.0491946128326 -0.560552494738 0.238041077619 0.0724904444443 0.032620369363 0.0185998717571 0.0346740436066 0.266417753417 0.0625740661101 0 
0.46185576636 0.0486386845537 -0.566970953371 0.241692814163 0.081302768729 0.0390429923165 0.0157843257012 0.0346241988333 0.265735235311 0.10587265402 0 
0.448545742219 0.0380224749279 -0.542251979647 0.231070959579 0.0745504618331 0.0264067922295 0.010252090615 0.0238361574466 0.269423367057 0.116196545566 0 
0.458433964639 0.0456554945715 -0.561377866002 0.23395978346 0.0830880549041 0.0349370772883 0.0181450408578 0.0224663232735 0.266915211952 0.0913508189281 0 
0.452878630964 0.0405213493012 -0.553170133692 0.234540430682 0.0786906131625 0.0364263025113 0.0233153796883 0.0259176142301 0.279427236157 0.108694331274 0 
0.454672512751 0.0402422043944 -0.561631566009 0.231861848725 0.0829912878521 0.0373009625034 0.0209522813201 0.0222066714282 0.266788660527 0.183127033652 0 
0.449750919577 0.038338721206 -0.546425244585 0.224669537539 0.0782887902171 0.0339465296811 0.00895431161794 0.0201147915565 0.272442855786 0.119708840514 0 
0.454306442465 0.0412951804882 -0.556916839013 0.223777957591 0.0745113398115 0.026425135867 0.0111710939473 0.00763218334964 0.236974554386 0.0610294520882 0 
0.455291720177 0.0429632570253 -0.556100039677 0.238285575222 0.0818834582938 0.0383094532812 0.0173569421583 0.045018367139 0.259874312267 0.0354394737985 0 
0.453441021737 0.0415079736423 -0.552600421455 0.23248489154 0.0840754710629 0.0450534963549 0.0156114230496 0.0341382711319 0.247934876452 0.0884727560885 0 
0.453276433702 0.0385218849527 -0.560859188375 0.24003469451 0.0843897656498 0.0426510147433 0.0238169378846 0.0423848382563 0.264801702924 0.100331148611 0 
0.460267965511 0.05119248946 -0.55256138504 0.242957938443 0.0926749725241 0.0392354837914 0.0120068920683 0.0222906055879 0.232139246571 0.10378580889 0 
0.457745045367 0.0487430443845 -0.549187309655 0.238370813059 0.0877309379801 0.0361030783402 0.023838752926 0.029996756009 0.266393800003 0.117922194586 0 
0.462049511528 0.0514996900237 -0.559211353923 0.249119185013 0.0916251639166 0.0386546688568 0.0142033987388 0.0297572946016 0.255901476666 0.0795828215197 0 
0.460905879109 0.0461611966408 -0.570366396293 0.255054160584 0.0959219863432 0.0367649623555 0.0174121873354 0.0382346483062 0.253562493016 0.138555387284 0 
0.458723400277 0.0465059096967 -0.560056722085 0.245272158863 0.0889368371881 0.0397061044526 0.0193304266556 0.028922279938 0.246228815341 0.133281642167 0 
0.457586472846 0.0431010836558 -0.565439258627 0.239749059846 0.0830315498148 0.0346890300673 0.0164809032107 0.0356715844661 0.268100507132 0.0957599946851 0 
0.456370957867 0.0425455449587 -0.561939936057 0.227289087537 0.084059403012 0.0294870976177 0.0134292892007 0.0323884378587 0.250868262575 0.117961989114 0 
0.467862184808 0.0547545875481 -0.574150522791 0.240902952899 0.0831838896415 0.0375078718083 0.0171999155208 0.0344398750739 0.235963144281 0.0744219065403 0 
0.462244279791 0.0490858759645 -0.567280561217 0.240810943948 0.081675152443 0.0452226698398 0.0216552563984 0.0442751530187 0.254953424227 0.0715062418431 0 
0.455950506146 0.0427508075467 -0.559537228481 0.230576559449 0.0797231722732 0.0318923444427 0.0207397956022 0.0413838725659 0.267861186878 0.0449708912304 0 
0.461417207094 0.0479292660886 -0.567235331884 0.243870153668 0.0935064808324 0.0347316971892 0.0235080032811 0.0371716984442 0.272439650361 0.0687676329002 0 
0.45640607676 0.0432909207238 -0.55985306406 0.235370297545 0.088692819572 0.0418366732959 0.0117102205419 0.0188619289899 0.247902539588 0.0791243971132 0 
0.464170113648 0.0511154871953 -0.569376521417 0.239029885009 0.0973761943311 0.0467779373586 0.0193583458546 0.0267680667183 0.246318252547 0.069592516333 0 
0.461461845565 0.0520871763978 -0.554951314457 0.247458729504 0.0958920920678 0.0458715456544 0.0224798636523 0.0395540721664 0.24405577183 0.121212761146 0 
0.461349194066 0.0477906385325 -0.567362159184 0.246156192215 0.0921608415052 0.039567188075 0.0233990016211 0.0391898936319 0.231584944934 0.117058054005 0 
0.458217592719 0.0461220805387 -0.559058527437 0.239427121502 0.0959073246796 0.0392683957058 0.0172390072279 0.035070914202 0.265992057336 0.12162342202 0 
0.457523785705 0.0459997909755 -0.556476716318 0.247058721078 0.0947501060111 0.0391379368602 0.0214351805135 0.0289563634575 0.257490056465 0.163588645171 0 
0.458406125254 0.0454093921678 -0.561997855824 0.240536823115 0.0953962386628 0.0448626286168 0.0260882501826 0.0446881591425 0.275030534216 0.150461207582 0 
0.455775672795 0.0441228268163 -0.554678128932 0.236284171578 0.084210029474 0.0413313852178 0.0211938782479 0.0298202881984 0.264922043416 0.0896191623777 0 
0.462821197843 0.0517114964738 -0.561855601411 0.243474147589 0.0925792448007 0.0514224109424 0.0220575425229 0.0370751429439 0.270613430889 0.0594346232076 0 
0.459454780191 0.0462882910403 -0.563817942692 0.242021072033 0.0935719393869 0.0425196498044 0.0235499005971 0.0337265624567 0.256067505683 0.161818564858 0 
0.459347377575 0.0461400431809 -0.563806225149 0.248145095658 0.0863622913832 0.0445405028761 0.0235049672847 0.0331726209275 0.261812738079 0.12455895827 0 
0.459447984894 0.0454376562762 -0.566340966972 0.24863793749 0.0902695622754 0.0450353764701 0.0241085610634 0.0279817837528 0.272114405327 0.12529821069 0 
0.456435323585 0.0440346256131 -0.557746248396 0.241425156863 0.0947595379485 0.0422195658793 0.0187067815378 0.0383610126872 0.258543567364 0.135082851344 0 
0.458127226183 0.0457716824496 -0.559725663929 0.240254709659 0.0939915759492 0.0478009412103 0.025045520066 0.0450839386174 0.259797009537 0.127918108735 0 
0.460097689043 0.0472020129799 -0.563809139495 0.249552108729 0.0925622932943 0.0456276580518 0.0181152663307 0.0283480191354 0.288735406165 0.152054301126 0 
0.458194338654 0.0451278730618 -0.561942320096 0.238750262179 0.0844040593918 0.0357779701785 0.0111011864101 0.0303177528451 0.252043165685 0.126819038037 0 
0.454986750591 0.0401235246097 -0.563323116182 0.23511459095 0.0835667636955 0.0413260323058 0.0255901193767 0.021218853208 0.25786345991 0.117707135226 0 
0.456039572483 0.042695650131 -0.56008123266 0.232824311741 0.0855478116706 0.0352406992848 0.02442617666 0.0395100434723 0.275633426028 0.0769511364635 0 
0.452203327302 0.0402411869949 -0.551140580049 0.225860657571 0.0684397954784 0.0220636701036 0.0149171091331 0.0224190394073 0.233175273607 0.107277990954 0 
0.458242945133 0.0460210864085 -0.55946925759 0.236867388443 0.0801102798299 0.02756667212 0.0127600243887 0.0307403835308 0.291959137845 0.105063054244 0 
0.459617463112 0.0484539999615 -0.558012218343 0.232282625715 0.081271163799 0.0342307345154 0.0210456499068 0.0216279474728 0.256680375114 0.0762605850634 0 
0.46339511672 0.0529476926453 -0.560586168124 0.231811881864 0.0818306516337 0.0265383236477 0.00919506647608 0.0227603767137 0.234927229886 0.130955990095 0 
0.455653432068 0.040917791497 -0.563773711796 0.226858356922 0.0707922817816 0.0247961782672 0.0197968438572 0.0233910423397 0.245392600292 0.10586032197 0 
0.453224955631 0.0399069392597 -0.556485243651 0.222821938503 0.0728814551011 0.0297362609378 0.0150311359472 0.0264845039437 0.259072308052 0.0878585176059 0 
0.451899202445 0.0401169965271 -0.550220620809 0.225517783729 0.0706891052417 0.0314740121521 0.0164938774458 0.0165996368722 0.287870451749 0.0303097159911 0 
0.459437043209 0.0484973013678 -0.557115529536 0.237321384259 0.0766719546951 0.0228752224881 0.0141000298839 0.0147535786641 0.27722373372 0.0792053917378 0 
0.455247761106 0.0434281208227 -0.554518622231 0.224304193903 0.0680421186653 0.0257984417655 0.0101611012655 0.0145719425433 0.252140698877 0.097639522049 0 
0.448870309291 0.0361173221849 -0.549346847932 0.223219568488 0.0673177318285 0.0224796050567 0.00477568245558 0.0102839861941 0.272266265313 0.0729996514242 0 
0.454132936423 0.0409294614691 -0.55727659539 0.224463154251 0.0839036385759 0.028616740731 0.0113765326029 0.0268510233169 0.239977668907 0.128691542582 0 
0.453834092463 0.0413531062061 -0.554735574348 0.22804130391 0.0765437997316 0.027990078718 0.0111460505915 0.0120191958877 0.244869653634 0.119954058972 0 
0.455323203128 0.0440152694271 -0.553077805012 0.238126828944 0.0801689508221 0.0241559433091 0.0123404433428 8.74407685403e-05 0.261866106106 0.115012474936 0 
0.458892563167 0.0453561736606 -0.564224872476 0.243475950175 0.0855007637582 0.0372296150755 0.012584384286 0.0234858523215 0.261447910509 0.144634076893 0 
0.458946327732 0.0476814933481 -0.557477412817 0.235972872617 0.0757480355027 0.0306715575794 0.0146263635942 0.00809374561018 0.236195225987 0.108247929418 0 
0.459044242945 0.0477823240912 -0.557591060241 0.238392318796 0.0744606871302 0.0250987421684 0.0133019568254 0.00671911237252 0.244690461503 0.0916395947055 0 
0.463239766742 0.0529984750388 -0.559773583536 0.245048710063 0.0897825706422 0.0301661650516 0.017733066866 0.017436708288 0.272296634621 0.104630688642 0 
0.459710193332 0.0507528642678 -0.551509728856 0.233715782933 0.0797344106826 0.0356636161976 0.0115584255808 0.0138380554042 0.260674568002 0.105833136789 0 
0.456679838411 0.0427080828241 -0.562765064773 0.226829140402 0.0751146478976 0.0307364673045 0.0160581948269 0.025563940757 0.238386283498 0.0745218397932 0 
0.465323351057 0.0540961216594 -0.565335877013 0.242607959592 0.0854741363186 0.0330102318495 0.0108075365108 0.01139244806 0.241964853654 0.114388513246 0 
0.470314696491 0.0608730875302 -0.566218197496 0.240153599764 0.0878196430961 0.0405179387185 0.0116235388086 0.0269943613122 0.253108807455 0.111435020463 0 
0.450600311937 0.0391395619752 -0.547632639807 0.228810888301 0.0785103416971 0.0316832446395 0.013635861678 0.0209640213988 0.249552015984 0.081639399497 0 
0.461083419806 0.0495999104457 -0.560804802837 0.243607884604 0.091660746255 0.0302985774692 0.00935694429444 0.0233922850118 0.253201309348 0.0816490273011 0 
0.460845465202 0.0488280635818 -0.562109036365 0.240751817013 0.0901464307396 0.0396479726741 0.016217591726 0.0260069611487 0.257904895432 0.100490298443 0 
0.458451092596 0.0469239133105 -0.557645403603 0.240326435298 0.0846321023961 0.0383761647233 0.0188121803617 0.0284761990594 0.247518968374 0.0963954324021 0 
0.462980776254 0.052681454725 -0.559623934904 0.242612872136 0.0796744674797 0.0368190154669 0.0199965245822 0.0369257067514 0.261376985169 0.0747357771012 0 
0.461450205343 0.0495597882666 -0.562484007907 0.248763841888 0.086416000939 0.0366121310929 0.0132986991496 0.0292004899482 0.261714729686 0.141935285641 0 
0.460520782552 0.0477665192882 -0.563913767982 0.235660488391 0.086925031001 0.0458928036341 0.0257856965976 0.0377113840819 0.259126533788 0.121245519245 0 
0.455620635304 0.0426900648855 -0.558317505387 0.236967720382 0.0894156816915 0.0308038003036 0.0175823277286 0.0243372088002 0.262930430262 0.117421893898 0 
0.458779092081 0.0463825567501 -0.560663471092 0.245523050588 0.095234264435 0.0401198681318 0.0255198864104 0.0273933535979 0.257116483087 0.112889669131 0 
0.456041138922 0.0425940947855 -0.560392556063 0.238881156588 0.0819942718188 0.039940801403 0.0154802523298 0.0316004021601 0.267661004204 0.120947363742 0 
0.454927853568 0.042682345073 -0.555396342447 0.228551305877 0.085296302559 0.0426690309925 0.0194092742803 0.0273440557994 0.256621395736 0.153936965852 0 
0.457177536092 0.0443118381345 -0.560069013987 0.237542937913 0.0823795427585 0.0377873049142 0.0183091931101 0.0233916320227 0.257279837987 0.120154209225 0 
0.454714985827 0.0432128197518 -0.55290023051 0.230425976779 0.0805730781713 0.032820512391 0.0121730489137 0.0176582748418 0.243113596502 0.101666513974 0 
0.455354844853 0.0426970622842 -0.557166903771 0.226950535571 0.0761411548285 0.0271717364236 0.00935364822503 0.00858344908124 0.232451668185 0.12234223394 0 
0.457679864811 0.046637797449 -0.555226033102 0.234958213782 0.0837970865195 0.0358426004412 0.0110752677524 0.0188193313413 0.247029356086 0.105403972674 0 
0.454191882176 0.0409733255447 -0.557395522615 0.230615324206 0.0833007991613 0.0445243105306 0.021821134075 0.0356920145074 0.253315136805 0.0856978515213 0 
0.457281289335 0.0442229810751 -0.560776536447 0.237477093934 0.0857635999479 0.0346105022034 0.0166874403854 0.0209905926615 0.243642404249 0.104066917121 0 
0.46232151371 0.0476007014669 -0.572064328867 0.237693752103 0.0877170150181 0.0420385402479 0.0230732217107 0.029741352543 0.252366514936 0.0814709386271 0 
0.46312234655 0.0499963862518 -0.568280814084 0.241722547184 0.0849002299316 0.037828136236 0.029216478433 0.0276022993103 0.275797294816 0.0846817971226 0 
0.461165706996 0.0483250868198 -0.564978994274 0.236795795492 0.091030018925 0.0425453967121 0.010815855041 0.0268354435398 0.262352584657 0.124653646483 0 
