# 5 : 4 4 4 4 4 
# Tr_f(plaq)/2    Tr_a(plaq)/3     energy       W(1,2)        W(2,2)        W(2,3)        W(3,3)        W(2,4)        W(4,4)        Re(polyakov)   Im(polyakov) 
0.500884454442 0.0907067839719 -0.63159435674 0.345057120161 0.218097889338 0.150998582086 0.10183970175 0.219747188416 0.418036004097 0.457103982369 0 
0.487388719735 0.0765932590201 -0.617252845825 0.300859878719 0.169252167219 0.106278429118 0.076689906216 0.142405831073 0.347784144091 0.341108696942 0 
0.477395179044 0.065713558276 -0.607919077158 0.28031149298 0.141766297447 0.0936841960551 0.0530065417662 0.114257872094 0.305217430857 0.275503772448 0 
0.470742971917 0.0605035151571 -0.595609936579 0.267172062284 0.119389147 0.0723111766504 0.0437299505105 0.0854502977639 0.300730730739 0.244120406251 0 
0.46504608128 0.0521445837717 -0.596759790061 0.266320600268 0.113478278008 0.0696530672289 0.0395308382789 0.088094008899 0.286980535286 0.238106414039 0 
0.460689683379 0.0493592011401 -0.586819066771 0.257630687649 0.114987220914 0.076531588621 0.0399856577298 0.0786041888772 0.284104498352 0.228723481168 0 
0.457953984303 0.0453266986734 -0.587426638054 0.244685580582 0.101315965355 0.0539479278338 0.0355526143916 0.0590329389749 0.272547151268 0.233682014867 0 
0.464006896875 0.0512577883588 -0.595055601798 0.254720936975 0.104537208894 0.0587057956886 0.0313617001376 0.0632578188563 0.281733045547 0.275252952655 0 
0.464612381538 0.0490076332815 -0.604349102613 0.243073649339 0.105402941086 0.0536771468077 0.0368683821263 0.0501573102745 0.300722611636 0.294798908097 0 
0.469858119868 0.0588468587061 -0.596863527326 0.250707268503 0.110151008419 0.0607409358764 0.0365820124842 0.0546959649585 0.290993497487 0.296078234731 0 
0.458783106222 0.0456443090053 -0.589956119116 0.242368529646 0.10429732815 0.0506084721537 0.0456299475242 0.0413323209958 0.2603543422 0.289373799076 0 
0.45651348904 0.0436764690089 -0.586327246942 0.248542837846 0.112124717521 0.0550994886532 0.0361591149092 0.0455776054623 0.280510457645 0.28570061082 0 
0.461404059998 0.0490216470611 -0.590832110809 0.243010909313 0.103619025285 0.0531093856328 0.0217063909565 0.0319768451725 0.260091771729 0.224008128262 0 
0.464495204776 0.0507152074524 -0.598734237702 0.245590516456 0.0984607988669 0.0562773002586 0.0285833704632 0.0384133189971 0.264512524782 0.214283499125 0 
0.465466372762 0.053013318241 -0.595918810876 0.253909425044 0.103238876512 0.0514808857181 0.0261555835222 0.0448445976184 0.250959127808 0.184287171842 0 
0.46077211352 0.0487529808887 -0.588983934117 0.249294785435 0.105452279125 0.0498077214938 0.0314934648438 0.0495172187051 0.242407673885 0.214523533074 0 
0.451227047666 0.0380120464075 -0.581117460975 0.228490227602 0.083634835897 0.0299303826737 0.0238246098334 0.028863551398 0.263199396525 0.158297124099 0 
0.456540737538 0.0452895988261 -0.581602301182 0.231981199518 0.0871530154466 0.0408273275043 0.0180029981401 0.0512433609186 0.262609242525 0.124705050317 0 
0.454141125516 0.0423550774853 -0.58032749471 0.240200149253 0.092927537649 0.0464659208599 0.0203650233045 0.048324997307 0.265567261787 0.210551165046 0 
0.456313750386 0.0424345370892 -0.589214140354 0.239996679124 0.0880811461162 0.0407369490135 0.0146617505651 0.0512477294155 0.261446445277 0.191870872858 0 
0.454524887903 0.0422329294773 -0.582305740761 0.239204929745 0.0848805831146 0.0463933958858 0.0310209778705 0.0492653734634 0.265365378567 0.176537608009 0 
0.453779754937 0.039520483902 -0.58731351903 0.236143525745 0.077378919738 0.0376528747264 0.018229930379 0.0374678484333 0.28076643453 0.17445177281 0 
0.453942344729 0.0422233137833 -0.579887906511 0.237562268035 0.0817919737286 0.0327360514112 0.0198152489189 0.0488953428589 0.288967076992 0.200745909295 0 
0.452268674207 0.0395918857991 -0.580752774273 0.235855018025 0.072587753458 0.0444722318443 0.0144332419587 0.0522671361353 0.290568155274 0.201166972223 0 
0.452712490285 0.0401629886142 -0.580903493355 0.234052536877 0.0754022958776 0.038485538861 0.032349196953 0.0480403861073 0.264171788654 0.195511129026 0 
0.448585305046 0.0373216918134 -0.572093205751 0.2302193471 0.0810647699381 0.0419082089793 0.0144137930828 0.0389265640366 0.284218196657 0.138631577162 0 
0.451269896253 0.0367814371847 -0.584989252708 0.228480169774 0.0765491225757 0.0349362225292 0.0263603010561 0.0294943868997 0.261932374253 0.129329970361 0 
0.457528183751 0.0438074273109 -0.590196089821 0.240239836737 0.0835194288944 0.0314887811881 0.0219863056818 0.0503755415138 0.289075556245 0.147214331835 0 
0.447401808252 0.0350654977631 -0.573891101367 0.23102560115 0.0821251688376 0.0389947406034 0.0241281913549 0.039585738565 0.261509610126 0.180748755243 0 
0.452564598993 0.0439168901463 -0.56902064533 0.234244566821 0.0748012091106 0.027897377933 0.0192467172163 0.0315968099266 0.252141169131 0.170337014647 0 
0.451254878117 0.0386534555715 -0.579310121376 0.232967450135 0.0832715026268 0.0392081410444 0.0175850305843 0.0374118591796 0.261942631713 0.193212031293 0 
0.449725436145 0.036282765556 -0.579998535143 0.232189154106 0.0820611711146 0.0483683683816 0.026254326717 0.052985305101 0.27852245428 0.127489929078 0 
0.451313060734 0.0377098017236 -0.582385449911 0.23723615247 0.0774960610967 0.0366290755525 0.025562800974 0.0375222258981 0.247200779995 0.144033489685 0 
0.448869755609 0.0356085674706 -0.578427271146 0.231421493019 0.0693416244665 0.0315512718248 0.0186833016976 0.0289693887289 0.26559857855 0.161960988406 0 
0.446734661007 0.0313517397965 -0.582230356842 0.236888067035 0.0766068483318 0.0375265653469 0.0172140821004 0.0389461020545 0.245088615939 0.139933388339 0 
0.451320217894 0.0379728652648 -0.581626319359 0.234761863207 0.0780728187953 0.0336826497587 0.0171994256745 0.0264155991551 0.270033796684 0.135147276047 0 
0.45089421021 0.0400907877299 -0.573483319693 0.23271678347 0.0817726916481 0.0353654861499 0.0173383012982 0.028344511835 0.253061593284 0.145836060919 0 
0.449301240226 0.0380838983474 -0.572813513906 0.231097786131 0.0797872908269 0.0360983595257 0.0204725207785 0.0302716814082 0.265960680515 0.149379587031 0 
0.449455419068 0.033795389192 -0.586326592508 0.233547423487 0.0908952636726 0.0411555772103 0.0200502795099 0.0372718572595 0.267612376369 0.192487974964 0 
0.447677035381 0.0344807103945 -0.576801417417 0.227039486066 0.075328738388 0.0315179696919 0.00746052683141 0.0414429701561 0.266003357583 0.186723262552 0 
0.449544267921 0.0367502887487 -0.577835059022 0.236556542415 0.0709447215374 0.0324321129658 0.0216275474195 0.0385661050607 0.250525185693 0.155806561992 0 
0.446979218243 0.0328050292124 -0.578897628984 0.217904445968 0.0647699591373 0.0205420941134 0.00970732060544 0.0229634364206 0.257399345565 0.128638565888 0 
0.448082758998 0.0365146557523 -0.572403620533 0.221734446223 0.0712750867867 0.0331954097174 0.0135480336236 0.0311467479981 0.2896630508 0.159799017625 0 
0.443364004262 0.028938528671 -0.575313231888 0.218603033322 0.0675635423728 0.0208367996909 0.00998090032915 0.0272009578975 0.240195623058 0.158793293935 0 
0.445556769866 0.0327293122511 -0.573150496684 0.223226352929 0.0785058732578 0.0268410279508 0.0144680760128 0.0304670376914 0.260516624628 0.168839681877 0 
0.449866387106 0.0366187614854 -0.579582541389 0.230545156946 0.0822073435425 0.0316502972696 0.00851707479709 0.0271147580219 0.25866745444 0.127927098723 0 
0.447462946399 0.0359956797075 -0.571357335754 0.227118748742 0.0739399300121 0.0318540299397 0.0164301304498 0.028651833843 0.283228407233 0.191789360526 0 
0.449049416266 0.0371043534081 -0.574694488094 0.226154216653 0.0938681323142 0.0354231264785 0.00318895190895 0.0369172035437 0.240230091864 0.156654658267 0 
0.445718585988 0.0316557363946 -0.577050851967 0.227733343435 0.0808508261513 0.0322726344425 0.0123910103795 0.0321158851043 0.262289340411 0.130885337985 0 
0.44259676685 0.0283736343634 -0.57378551768 0.221478477383 0.0736007171639 0.0299516527319 0.018953948113 0.0281799502545 0.282240052293 0.188195456539 0 
0.457012835494 0.0442193911851 -0.58679573552 0.24226423905 0.086521729949 0.0515375762985 0.0255230836252 0.0499133008006 0.254736218117 0.1739590682 0 
0.447572026996 0.0372347748435 -0.568098188852 0.23063959102 0.0741177552318 0.031578750997 0.0147651995019 0.022486191705 0.256215088394 0.179654939767 0 
0.456120425254 0.0432078113968 -0.586082351877 0.233245023513 0.075813107961 0.0336055286015 0.00684469988494 0.0319449204458 0.251876602909 0.196891298923 0 
0.450870336915 0.0390668317821 -0.576454919697 0.23224786 0.0838550735312 0.0309116656511 0.0130490478481 0.0268364185797 0.233238744643 0.156083133025 0 
0.451662192795 0.0379055054298 -0.58326469345 0.22673203279 0.081840681362 0.027154291321 0.0221636431929 0.0118829465675 0.254151770887 0.225564542778 0 
0.447372873914 0.0339067961759 -0.577245681913 0.227630024485 0.0790054619779 0.0240385143644 0.0115448778402 0.011028816685 0.249417587816 0.242884848564 0 
0.448624224697 0.0343096855388 -0.581292687112 0.229221496837 0.0795508582697 0.0355177381442 0.0155180897781 0.0277035211658 0.275220928858 0.220714389239 0 
0.45129165042 0.0396905765667 -0.576353202065 0.230838464983 0.0776692323837 0.0304475462847 0.0133262483878 0.0318022215855 0.262280439269 0.216267552497 0 
0.454456770804 0.0422692182623 -0.581910782589 0.23533164802 0.0827448092291 0.0417639873441 0.019012244981 0.0470531184622 0.268819076732 0.237912692062 0 
0.444722181415 0.0335781223421 -0.567098794915 0.224867994285 0.0743299308119 0.0283628680957 0.0148261305599 0.044450735059 0.247675425414 0.152916180109 0 
0.445748080851 0.0342154741622 -0.569495517086 0.224635825803 0.0718842679394 0.0309079534555 0.0225102751681 0.00771068839261 0.257894264654 0.197857638472 0 
0.451089807562 0.0390341605484 -0.577474710114 0.233603367275 0.0771844520837 0.0361039714759 0.0159139511444 0.0165910373126 0.256968032862 0.140032331163 0 
0.45250097688 0.0393627829511 -0.582415754041 0.226876240309 0.0808449670416 0.0251146580784 0.0110778266935 0.0273913134151 0.266596678043 0.164606158711 0 
0.452216683709 0.0397468021615 -0.580069665095 0.225794459925 0.0674043716105 0.0239262072693 0.00929059204313 0.0258201771063 0.246135225384 0.151629785633 0 
0.448288780295 0.0369024424863 -0.572105549781 0.226952907696 0.077282802378 0.0237211789461 0.0148781180158 0.0200049245225 0.256016367957 0.151788742415 0 
0.455037802296 0.0437985467407 -0.57976312942 0.232385134438 0.0841960996347 0.0334458330646 0.00327672974506 0.0318922987492 0.268378276504 0.113949046585 0 
0.454897241943 0.0432683824073 -0.580763268939 0.240806434818 0.0837884973808 0.0232692893288 0.0130545748009 0.00689699581622 0.236012181626 0.141441237015 0 
0.456118732453 0.0450872602098 -0.580436895675 0.230034077732 0.0639924181028 0.0218081114838 0.00814103366941 0.0101549099281 0.26006745897 0.146543358499 0 
0.459933104041 0.0484309003131 -0.586426336032 0.24117093574 0.0719295361109 0.0247645988897 0.00582334988877 0.0110035515168 0.245168206781 0.152170611424 0 
0.453340797619 0.0391464253778 -0.586592073868 0.235761099637 0.0784366010121 0.03490359443 0.0201375316413 0.0318730744375 0.246489013575 0.147262708256 0 
0.45543414601 0.0392806967929 -0.594981322863 0.22911286762 0.0774714309802 0.0319182563537 0.0232302042813 0.0309988238986 0.242383814029 0.129128675126 0 
0.452156633722 0.03971662815 -0.579907977184 0.221846987479 0.074049560991 0.0246984777573 0.00963411732893 0.0123094937142 0.274822440881 0.201066644943 0 
0.44498321859 0.0330105734138 -0.569897797839 0.220003215917 0.0713025418495 0.0169431694437 0.00952601508697 0.0030530646761 0.24149639822 0.14075875638 0 
0.453501118917 0.041172803527 -0.581186288872 0.228461090447 0.0755631729354 0.0357449558262 0.00451748163827 0.0228372857776 0.231850481127 0.184071797562 0 
0.45350646002 0.0404291360218 -0.583439724019 0.226045592038 0.0694793951195 0.0246451452543 0.0133789835071 0.0159421594407 0.264829415983 0.137732448396 0 
0.452590003108 0.0379092831939 -0.587150163471 0.220947456134 0.0694520423714 0.0278121076142 0.0166768081261 0.0044541352151 0.258102395873 0.160979924538 0 
0.448456482378 0.0347591288901 -0.579239839317 0.220359780874 0.0706167589783 0.0295371684562 0.0145577266025 0.0182562931985 0.241519312235 0.151369577141 0 
0.449333067334 0.0379802670031 -0.573258081794 0.225924256637 0.0653400805465 0.0225387930802 0.0185531632075 0.0196025256249 0.267871857297 0.112383664199 0 
0.442342598787 0.0302075777055 -0.567216181787 0.215754692321 0.0693612521243 0.0314802738377 0.0132849400966 0.0143639404872 0.270493563246 0.128055660554 0 
0.453888378876 0.0431732843508 -0.576811338229 0.225597868898 0.0702510940963 0.0258289047873 0.0223842119672 0.0060903718474 0.236681745213 0.15038910962 0 
0.449102677958 0.0370097316829 -0.575202052373 0.22808825711 0.0741954167265 0.0384101867452 0.0198970716743 0.0334696717539 0.263504718953 0.132276669954 0 
0.452799742458 0.0419121091636 -0.576022590834 0.221923067723 0.0704214711584 0.030283812757 0.0150850774073 0.0199634989835 0.256396181082 0.132225910512 0 
0.458865572464 0.0484131194189 -0.58199604609 0.238102969547 0.0826960678687 0.0307466404543 0.0104077265025 0.0191272234697 0.24605772453 0.0959169815431 0 
0.451966144607 0.0387743379232 -0.58193479358 0.222167320466 0.0763636609356 0.0215453635501 0.0129507901746 0.00763090186815 0.247999336605 0.0983797768081 0 
0.447567086448 0.0345417607107 -0.576156480949 0.225126740211 0.0779639653312 0.0251472910912 0.0152325529934 0.011920935756 0.261847806673 0.147293921275 0 
0.449796295206 0.0372116818981 -0.577509394169 0.218601314223 0.0736874805485 0.0238594838448 0.0054872804475 0.00739287900344 0.237722899401 0.137743451917 0 
0.447900069473 0.0322980994979 -0.584285993295 0.21537122342 0.0789597618405 0.0257015821948 0.0103697374115 0.00721222248209 0.251604093612 0.06672930125 0 
0.444345804527 0.0327856121034 -0.567895542704 0.218200387214 0.071062596075 0.0297965202846 0.011512928579 0.0196338631539 0.235255922822 0.111519438651 0 
0.45020368619 0.0404469793695 -0.569514543889 0.223125903535 0.079514008808 0.0261607247452 0.0133186309186 0.0120786477388 0.253918115801 0.112933784267 0 
0.445767331807 0.0345005967999 -0.568721003191 0.21877023388 0.0682628088877 0.0302008455895 0.0191992656263 0.0136184941984 0.279563433947 0.118767099202 0 
0.445646480972 0.0335548730474 -0.571050600939 0.220670295562 0.0715739445924 0.0327615942982 0.0084824224035 0.00584787176232 0.256319469659 0.0835106931909 0 
0.44888456939 0.03783979378 -0.571795810097 0.222794265261 0.0684228128982 0.0266742799844 0.0122078053067 5.7285163819e-05 0.256593440287 0.0947266149454 0 
0.445332380428 0.0349413582016 -0.565571923195 0.217007643052 0.0668667363061 0.0269915056539 0.0148664155317 0.00702831171387 0.251631527115 0.109957638536 0 
0.446236139443 0.0349378048868 -0.569378370999 0.222569383088 0.0732635710192 0.0267203690545 0.0158994596075 0.0104005191957 0.238057042282 0.11724000152 0 
0.446646115116 0.032358501725 -0.578838178314 0.224272170124 0.0634357745684 0.0298105747773 0.0154560113797 0.0125925934585 0.252323722984 0.133492169521 0 
0.453136581335 0.0406174851986 -0.581321186012 0.234423393199 0.072113104925 0.0205594823708 0.0126717688764 0.00809687567098 0.272731074689 0.144426900991 0 
0.450920445523 0.0390417643885 -0.576740578032 0.230405273872 0.074095183549 0.0301143464937 0.0109697866471 0.000921648600663 0.227636120839 0.127817864125 0 
0.454767401565 0.041426153563 -0.585744625883 0.233676019431 0.0776393608981 0.0379140865671 0.00985539400714 0.0260311359724 0.252487853345 0.182545726724 0 
0.455432052169 0.0451690999275 -0.577307319328 0.231548229951 0.0702259968571 0.0248079957186 0.013151466212 0.0273903953826 0.246239520464 0.164714982276 0 
0.447827490246 0.033471032301 -0.580462362131 0.225080550193 0.079846099806 0.0201930216582 0.0163205522388 -0.00315508143537 0.247119370082 0.111861665657 0 
0.443091159934 0.0288514260644 -0.574428593531 0.223122528759 0.0741148710032 0.0267350123518 0.0162238960162 0.0193713317315 0.236738164929 0.13474286867 0 
0.445935222235 0.0336686634547 -0.571921943022 0.219819947052 0.0697241598876 0.0236337118795 0.0127594482403 0.017534750404 0.266652572724 0.129964073693 0 
0.442795749763 0.0303050548871 -0.568826984341 0.221639746859 0.0732896781575 0.0293330236981 0.0161244594011 0.0073431600329 0.268942614926 0.142767215613 0 
0.448416756074 0.0367737012883 -0.573029271645 0.229581679995 0.076755381885 0.0266688853834 0.0206457655426 0.0134465680163 0.297274828112 0.11379418564 0 
0.445964193917 0.0310752941872 -0.579823731889 0.220882841874 0.0712695027602 0.0225729692511 0.0194618963281 0.016639023939 0.278540815187 0.221357126817 0 
0.44787027561 0.0337888211031 -0.579688694253 0.224976294542 0.0792014336602 0.0310329812836 0.00394900691271 0.0294572334513 0.27035196573 0.147662081619 0 
0.450452969392 0.0388839442159 -0.5752506388 0.228079016431 0.0749627617224 0.0324011866821 0.0126147137755 0.0207189880338 0.238056698599 0.141115015042 0 
0.446629398151 0.0334985063748 -0.575347953109 0.224166247778 0.0682248369192 0.0275537607068 0.0195107818123 0.00287310752654 0.285109609283 0.128386974599 0 
0.455492944831 0.0435864065943 -0.582311148506 0.228545881513 0.0798631793302 0.0351221622263 0.0151045094586 0.0262223778529 0.274997031914 0.0818080515457 0 
0.447105701429 0.0312570988368 -0.584072649493 0.219150473292 0.0786482051491 0.037421830956 0.0124935007813 0.021559546036 0.251920539674 0.0887865081897 0 
0.449591500483 0.0370632880243 -0.577094437955 0.219643888315 0.0797959709061 0.0364022445607 0.0156144988788 0.0173562775216 0.241507720337 0.0276078764512 0 
0.452294392904 0.0380747128054 -0.58541231178 0.228384464165 0.0750545187521 0.0315549989363 0.0151830062475 0.0251293120868 0.237678635152 0.045486094253 0 
0.450137179589 0.0369096150987 -0.579847308979 0.226896255852 0.0716272174781 0.0264650809326 0.0111896781006 0.0212995072366 0.258020313035 0.0825431656698 0 
0.445218094808 0.0311577470136 -0.576442757151 0.222662866203 0.0697025035985 0.0231031207112 0.0138586372061 0.0259022688035 0.267924050305 0.0626036781017 0 
0.448247755294 0.0333519518214 -0.582584716772 0.223453114922 0.0755534118945 0.0265713679536 0.0174665576969 0.0225177687739 0.271493867589 0.0817452024698 0 
0.454269374769 0.0428452378016 -0.579395660626 0.226549510422 0.0676952126653 0.0313277310376 0.0136363889115 0.0215166911759 0.25109759638 0.0402324598241 0 
0.447362760086 0.0374244785959 -0.566650156575 0.221126111725 0.0693657974502 0.0238387119575 0.00394849437403 0.0142099485968 0.254758329907 0.0502114043522 0 
0.448755518641 0.0372558029101 -0.573005769562 0.22207569747 0.0744880949792 0.0331772006032 0.0115127529335 0.0232987904077 0.259906791571 0.0196089495169 0 
0.448867174312 0.0372007886433 -0.573639766179 0.227988348162 0.0657402973801 0.023144868052 0.0141204485484 0.0142207485589 0.234280427556 0.0237004800544 0 
0.450039011965 0.0373056255232 -0.578246973684 0.222462918114 0.0642013388539 0.0287011162335 0.0095046720648 0.0169892609171 0.231165454558 -0.005698141328 0 
0.45145690393 0.0394193809917 -0.577860853529 0.215830097362 0.065156182911 0.0289950683854 0.0083941007355 0.0142842687924 0.257346971872 0.0638369024722 0 
0.44878645463 0.0368895081097 -0.574234585115 0.22585582503 0.073525250019 0.0212353543171 0.011523563428 0.0179773535639 0.252838090879 0.0629150528798 0 
0.449311468535 0.0352845740221 -0.581254445781 0.222642027835 0.0705139702701 0.0307009707572 0.0107071876869 0.0239883764287 0.263559787885 0.0710289577919 0 
0.447621018483 0.0359422565521 -0.572181507974 0.223299750646 0.0737318660845 0.0332422238709 0.00996316076691 0.0224638450116 0.248761098038 0.0301015745224 0 
0.449433022624 0.0383857637886 -0.572461403657 0.217633043753 0.0781960227458 0.0292942175991 0.00563708694845 0.0139926279673 0.2716019029 0.0901787953515 0 
0.449368356485 0.0391508238096 -0.569894625807 0.233228797664 0.0804406135701 0.0345641110901 0.0143179246631 0.0301938065228 0.280290067779 0.018998179825 0 
0.449870512691 0.0355806204479 -0.58271429196 0.221330802972 0.0771746804699 0.0284864355706 0.0117548099318 0.00538730149706 0.264459459015 0.00874053590488 0 
0.446284144077 0.0342573879941 -0.571621241142 0.222424390234 0.0707311502315 0.0228644752566 0.0096471385118 0.0160045686221 0.263644505549 0.00750931005712 0 
0.448171114382 0.0350762372937 -0.577089968524 0.218938488744 0.0669858160425 0.0239738724792 0.0113509898247 0.00766911591381 0.249896905694 0.0122389544502 0 
0.446023204373 0.0344449099931 -0.569962728389 0.217670865511 0.0719248206669 0.0297404633905 0.0126318961855 0.0115240115644 0.253699319884 -0.0106048930793 0 
0.451301424499 0.0364047412055 -0.586251759279 0.226197091577 0.0675054310586 0.0210624188548 0.00771787396236 0.0154025008499 0.26080027917 0.0164433467986 0 
0.452725059014 0.0384248933621 -0.586170567774 0.219524744093 0.0572695828033 0.0227209859323 0.0085292870525 0.0183403239517 0.247675355909 0.00922154386282 0 
0.450405581269 0.0374940805664 -0.579221199629 0.224934599721 0.0752531818063 0.035087281274 0.0146798955009 0.0295867776583 0.240964342757 0.0413327066501 0 
0.449144892967 0.0363590275584 -0.577331467788 0.224352204137 0.0667214043417 0.026991260829 0.0151957671562 0.0140753033318 0.248428121708 0.0904412042363 0 
0.436269201825 0.0222211518658 -0.565667192069 0.20359695414 0.0546778889791 0.0256446095817 0.0117787179434 0.0257259445096 0.236792864164 0.0398540909545 0 
0.446719654693 0.0340339327822 -0.574120751364 0.216886878361 0.0647601277627 0.0239410720853 0.00520826451842 0.0169433486309 0.271491545967 -0.0018277454157 0 
0.446972770207 0.0335872604093 -0.576523853641 0.215329198043 0.0644503656084 0.015944562128 0.0034454772588 0.00684893386756 0.236091553928 0.0216631462274 0 
0.451971818186 0.039673117685 -0.579262283326 0.21654051855 0.0557889346649 0.018379415319 0.0141598608425 0.0036577427256 0.235197100901 0.0361493431083 0 
0.44287006677 0.0295199732047 -0.571494360821 0.218430014762 0.0640729103296 0.0278902845305 0.0118038214584 0.00905255059747 0.236835749336 0.0250648543455 0 
0.448123029587 0.0379416002253 -0.568291923589 0.223530219753 0.0697379094587 0.0226186521415 0.00808934479457 0.019698974662 0.241969272977 0.00345189936545 0 
0.441547141468 0.0310650266861 -0.561302914108 0.211161744273 0.0688037974498 0.0252093110588 0.00897895195222 0.0212417572478 0.241624595012 -0.00126013387979 0 
0.446135495251 0.0356696971567 -0.566759988584 0.217112260237 0.0710632110073 0.0279152682695 0.00649168717132 0.0255303242877 0.27251521594 0.0418564482352 0 
0.448246263022 0.0378544414022 -0.569070980488 0.220998444933 0.071147854347 0.0187299375331 0.00924021144187 0.0226401486002 0.268060076278 0.0750528179177 0 
0.451429787958 0.0378318605308 -0.58250952783 0.227390302507 0.0663267379177 0.0284753068827 0.0119151853592 0.0208804042587 0.270954954191 0.0616438944659 0 
0.440926904496 0.0268656938858 -0.571295917226 0.220434711944 0.0710266681162 0.0215474651974 0.018036705874 0.0172574191505 0.252634779898 0.0445423765474 0 
0.452367524079 0.0401171211615 -0.579592237649 0.222738568352 0.0660988636361 0.0243295349606 0.0185701739737 0.0158414553559 0.27493283508 0.0702106791505 0 
0.451235291489 0.0395490418737 -0.576541098633 0.223379213337 0.0703187415107 0.0284878220442 0.00628613945891 0.00661677977659 0.261481790261 -0.0116884880584 0 
0.453363550678 0.0411523578594 -0.580669839267 0.231459211459 0.0683859470012 0.0233613251623 0.00209521713417 0.00742037660642 0.262329630853 0.00734937284429 0 
0.448738586429 0.037013034183 -0.573662960453 0.221200725322 0.0595860163759 0.0198712566151 -0.000323676502779 0.00853954072014 0.248177508613 0.0304437373423 0 
0.44617080779 0.0310396275587 -0.580798510042 0.214958992338 0.0661573316854 0.0171368872551 0.0211062801815 0.008792280154 0.240322351471 -0.0267577367058 0 
0.443367284317 0.0298719131061 -0.572526854813 0.21443796012 0.0577764801395 0.0234073298259 0.00151513669325 0.0158787205918 0.250051378104 -0.0405219517278 0 
0.441293654922 0.0290169042909 -0.566382637799 0.214833288809 0.0597579365532 0.0303021499769 0.00648399541974 0.0146657851199 0.252179274674 -0.0147289612496 0 
0.44544047747 0.0346395749357 -0.566931280569 0.22417244353 0.0652254405995 0.0187428177076 0.007169046538 0.0227909357971 0.241772579787 -0.0342062968152 0 
0.446542994903 0.0352305984475 -0.569788783252 0.219739957176 0.0607071464385 0.0188120921941 0.00903353490349 0.0188092426671 0.244681035629 -0.0480243462902 0 
0.445118412938 0.0355196247501 -0.562938460087 0.21438324826 0.0609473623309 0.0190069063485 0.00124616004906 0.0127256340629 0.23375011537 -0.0347743190659 0 
0.444508883546 0.031238808808 -0.573220884467 0.218813309176 0.0643985353936 0.0222670167182 0.0035512878612 0.00887066342003 0.254562755773 0.0260532725252 0 
0.443064645246 0.0298301337007 -0.57138110893 0.216835156082 0.0590043706024 0.010097559396 0.00961696026407 0.0163754200499 0.276068830475 -0.0160634694064 0 
0.443922292881 0.0318526860716 -0.568915571884 0.202600178166 0.0558397233042 0.0175793870339 0.00336137464976 0.0127143494499 0.256063404588 -0.0214974164899 0 
0.443988238507 0.032671146963 -0.566737160841 0.211507482667 0.0596883483928 0.0156715344653 0.0111714223734 0.0048048247184 0.231386674784 -0.0680649600963 0 
0.443916573556 0.0332153660168 -0.564803510886 0.217391318966 0.0672297613498 0.024699479734 0.0051842611456 0.0154824881926 0.240684608517 -0.0846116736313 0 
0.441888213177 0.031082285315 -0.562683639397 0.207200745853 0.0547099265654 0.026258970838 0.0107336322976 0.00795402000595 0.272317910278 -0.054301737097 0 
0.445031258372 0.0334049954531 -0.568916298802 0.214811903737 0.0586278538817 0.0243925023821 0.0148903826179 0.0191050892325 0.267139050574 -0.0313566356457 0 
0.440999388583 0.0274408944364 -0.569874748739 0.216888535569 0.0650980316291 0.0243926492508 0.0132772403153 0.029774194684 0.262003547259 -0.0383275541903 0 
0.440076497795 0.0268399900588 -0.567801320562 0.21517702848 0.0688925272557 0.0209054021719 0.00916193076873 0.0254487707318 0.249124342567 -0.0604277573314 0 
0.439453611898 0.0261602652491 -0.567224374226 0.206745228406 0.0598632659157 0.0252916469381 0.0183093935251 0.0149504102386 0.239658410748 -0.0751728095207 0 
0.445730471967 0.0352558061794 -0.566300563725 0.220589240382 0.062043488009 0.0173151492732 0.00752464756212 0.0133788641036 0.248290535879 -0.0330324079891 0 
0.448132029216 0.0347016453621 -0.578049586621 0.21748494629 0.0731039541722 0.0307602931395 0.00505032034429 0.036590109158 0.277597168365 -0.0582973351959 0 
0.437626536609 0.0249308229543 -0.563238984897 0.201966286466 0.06096091467 0.0270641125045 0.00579128118529 0.0223562114713 0.265344976507 -0.0673085799694 0 
0.443459970876 0.0330851619592 -0.563276391801 0.202769077049 0.0559059915177 0.0262802070156 0.0101263664126 0.0180316832695 0.258977820896 -0.0432501592758 0 
0.446610900741 0.0362084608324 -0.567140400615 0.211942628654 0.0662254197115 0.0216532324489 0.00372862033618 0.0218463431368 0.251220048237 -0.0259244213979 0 
0.442563955568 0.030830738601 -0.566276397584 0.201643163931 0.0601946806064 0.0218648734231 0.0154582764586 0.0227880198604 0.275975541483 -0.0768885364184 0 
0.441900444264 0.0296231961759 -0.567112277383 0.211622818849 0.067435338283 0.0262934568119 0.0084563178712 0.023257939664 0.242849469269 -0.0676122765708 0 
0.446019152486 0.0333293691317 -0.573292333048 0.211583804291 0.0605071916775 0.0147808713379 0.00309406898964 0.00996360420201 0.254800747965 -0.0569282031963 0 
0.446302210993 0.0331177099463 -0.575116156332 0.211018904399 0.0619585078484 0.0243317114939 0.00886730179937 0.0105860001807 0.227685667402 -0.0957205324481 0 
0.439784276117 0.0287103628299 -0.560962871201 0.209832112899 0.0637710909956 0.0225744727061 0.00109731445504 0.00785600850922 0.260247412302 -0.0716990313576 0 
0.445466419295 0.0324546696181 -0.573594952183 0.223495543149 0.0611384446329 0.0217464799327 0.00159041179292 0.0141529248557 0.268472170806 -0.0482504527155 0 
0.445055965887 0.0310906105805 -0.575963224984 0.213937826822 0.0538811105456 0.0135308809805 0.00380165152987 -0.0031409199445 0.240898415919 -0.0167226433022 0 
0.439724179082 0.0269440980562 -0.566009257978 0.204228268861 0.0504103746243 0.0145475470315 0.00985316963096 0.018172662339 0.277608982912 -0.0860150544681 0 
0.440668039786 0.0281613147429 -0.566321822874 0.207303611218 0.0602023597074 0.0169960151268 0.0132389584492 0.0124377916754 0.269957239328 -0.0158698848188 0 
0.442553208709 0.0301776067319 -0.568190656383 0.217783310287 0.0628271641168 0.0157202684993 0.0143618232945 0.00188181920961 0.243655808156 -0.0145711501706 0 
0.446355499513 0.0333250040858 -0.574718085696 0.212602333512 0.0574987497925 0.0185327283615 0.00699577874137 0.00390986837593 0.298037695342 -0.0455366811073 0 
0.441436819094 0.0302799431356 -0.563194810789 0.206595416355 0.0575355504972 0.0255717091419 0.00347199989336 0.00574478173682 0.242236552897 -0.0581082647263 0 
0.442455926489 0.0313469844902 -0.564273937783 0.20823985582 0.0589823640897 0.0170851032647 0.00192131892164 0.0102447396692 0.274649900212 -0.0618296226396 0 
0.442569684672 0.0293713336608 -0.57067867464 0.217830111659 0.0557690300985 0.0198255387477 0.0124867701277 0.0138087582335 0.230796018222 -0.0471641792795 0 
0.443783783058 0.0328567241491 -0.565321716397 0.208021626218 0.0456524389214 0.0121379915621 3.02974269493e-05 0.0195905809435 0.250022507178 -0.0725059441951 0 
0.441437316244 0.0282812075975 -0.569193105434 0.202346778178 0.0453630190715 0.011452983191 0.00769866506642 -0.00187231357285 0.260482693209 -0.0753675285578 0 
0.436079799689 0.0231360319842 -0.562127062742 0.201374948351 0.0479842763571 0.0150016374084 0.00673397708936 0.00026216054215 0.266319591896 -0.0264076491277 0 
0.433380845318 0.0217579473351 -0.554925708329 0.203564900637 0.049988067776 0.0119827951945 0.00931683291094 2.81452935072e-05 0.251092536025 -0.0332868314233 0 
0.44310737556 0.032148111623 -0.564606642484 0.206838211688 0.0525157051529 0.00982573123242 0.0034459685666 -0.00403827382642 0.22574472402 -0.0121962175344 0 
0.44258884915 0.0324994296866 -0.561374877369 0.20458875165 0.0493578635862 0.01424608807 0.0040425091953 0.00288771355768 0.248087684726 -0.0238775138692 0 
0.441373839212 0.0276783187004 -0.57073516859 0.202575270345 0.0538196737245 0.00394247790823 -0.000340143353176 -0.00125837245936 0.255641333154 -0.00914056683651 0 
0.441996267691 0.0276789127115 -0.573347586168 0.206847383172 0.0477582490672 0.0135855538382 0.0029087583575 0.000810952364833 0.256761194602 -0.0111769870936 0 
0.437369683887 0.0236566472126 -0.565982730688 0.205169762226 0.0534300613285 0.0132268696851 0.00279049526899 -0.00378125151752 0.259997089061 0.0110795412512 0 
0.441352108796 0.0285847429443 -0.567924628109 0.205468924633 0.0429283331512 0.0136760947145 0.00628308315448 -0.00964431927735 0.228184829546 0.0147813681889 0 
0.441785710475 0.0294794838749 -0.567061532371 0.209738120163 0.0422579716318 0.00872928099582 -0.00185772642608 0.00505994912869 0.236843918924 0.0434802386009 0 
0.435800400113 0.0246937621863 -0.556280393916 0.203305732237 0.0523689506738 0.0148399257881 -0.00635556881317 0.00054426821375 0.240905682798 0.0364056221987 0 
0.436977419282 0.0239329021926 -0.563506454405 0.201993619283 0.0551618369553 0.0254398871466 0.0112077531385 0.0184604954733 0.236797433599 0.0315993486627 0 
0.433744561418 0.0220881670233 -0.555462656885 0.19925635842 0.054698148971 0.00874822447741 -0.00403222890378 0.00156765117626 0.236295807204 0.0135884806546 0 
0.439592055734 0.0288551058635 -0.559721316493 0.213945616351 0.0593530111676 0.0116452698898 0.0027162558558 -0.0011273432931 0.237387934669 0.00374871866324 0 
0.441640491313 0.0278676582467 -0.571287088775 0.213072053524 0.0546618418343 0.00874743939225 0.00271327097741 -0.00439910717762 0.244408076112 -0.0276153393642 0 
